Data,Otwarcie,Najwyzszy,Najnizszy,Zamkniecie,Wolumen
1980-01-02,0.17689,0.17689,0.17689,0.17689,871672.0
1980-01-03,0.17689,0.17689,0.16759,0.16759,584937.0
1980-01-04,0.16759,0.17689,0.16759,0.17689,332612.0
1980-01-07,0.17689,0.17689,0.16759,0.16759,722572.0
1980-01-08,0.16759,0.17689,0.15818,0.16759,929017.0
1980-01-09,0.16759,0.16759,0.15818,0.15818,344079.0
1980-01-10,0.15818,0.16759,0.15818,0.16759,1009300.0
1980-01-11,0.16759,0.16759,0.16759,0.16759,906081.0
1980-01-14,0.16759,0.16759,0.15818,0.16759,1376323.0
1980-01-15,0.16759,0.17689,0.16759,0.16759,1663059.0
1980-01-16,0.16759,0.17689,0.16759,0.16759,321140.0
1980-01-17,0.16759,0.16759,0.16759,0.16759,516125.0
1980-01-18,0.16759,0.18618,0.16759,0.18618,1422201.0
1980-01-21,0.18618,0.18618,0.17689,0.17689,1227220.0
1980-01-22,0.17689,0.18618,0.17689,0.17689,493185.0
1980-01-23,0.17689,0.17689,0.16759,0.16759,504653.0
1980-01-24,0.16759,0.17689,0.16759,0.16759,676689.0
1980-01-25,0.16759,0.17689,0.16759,0.16759,447307.0
1980-01-28,0.16759,0.17689,0.16759,0.16759,768449.0
1980-01-29,0.16759,0.17689,0.16759,0.16759,1146936.0
1980-01-30,0.16759,0.16759,0.15818,0.15818,1055180.0
1980-01-31,0.16759,0.16759,0.16759,0.16759,1296039.0
1980-02-01,0.16759,0.17689,0.16759,0.16759,1204285.0
1980-02-04,0.16759,0.17689,0.16759,0.17689,940485.0
1980-02-05,0.17689,0.17689,0.17689,0.17689,539061.0
1980-02-06,0.17689,0.17689,0.17689,0.17689,883140.0
1980-02-07,0.17689,0.17689,0.17689,0.17689,711100.0
1980-02-08,0.17689,0.17689,0.16759,0.16759,263798.0
1980-02-11,0.16759,0.17689,0.16759,0.16759,711100.0
1980-02-12,0.16759,0.17689,0.16759,0.16759,1227220.0
1980-02-13,0.16759,0.17689,0.16759,0.16759,1123998.0
1980-02-14,0.16759,0.16759,0.16759,0.16759,653751.0
1980-02-15,0.16759,0.16759,0.15818,0.16759,894611.0
1980-02-19,0.16759,0.16759,0.15818,0.16759,286731.0
1980-02-20,0.16759,0.16759,0.15818,0.15818,1009300.0
1980-02-21,0.15818,0.15818,0.15818,0.15818,2603545.0
1980-02-22,0.15818,0.15818,0.15818,0.15818,1376323.0
1980-02-25,0.15818,0.15818,0.1489,0.15818,951957.0
1980-02-26,0.15818,0.15818,0.1489,0.15818,1009300.0
1980-02-27,0.15818,0.15818,0.1489,0.1489,240856.0
1980-02-28,0.1489,0.1489,0.1489,0.1489,378487.0
1980-02-29,0.1489,0.1489,0.1489,0.1489,871672.0
1980-03-03,0.15818,0.15818,0.15818,0.15818,470247.0
1980-03-04,0.15818,0.15818,0.15818,0.15818,137634.0
1980-03-05,0.15818,0.15818,0.1489,0.1489,756977.0
1980-03-06,0.1489,0.1489,0.13951,0.1489,779916.0
1980-03-07,0.1489,0.1489,0.13951,0.1489,596405.0
1980-03-10,0.1489,0.1489,0.13951,0.1489,1387794.0
1980-03-11,0.1489,0.1489,0.13951,0.13951,630814.0
1980-03-12,0.1489,0.1489,0.1489,0.1489,676689.0
1980-03-13,0.1489,0.1489,0.1489,0.1489,1605708.0
1980-03-14,0.1489,0.1489,0.1489,0.1489,1146936.0
1980-03-17,0.1489,0.1489,0.1489,0.1489,2293871.0
1980-03-18,0.1489,0.15818,0.1489,0.15818,653751.0
1980-03-19,0.15818,0.15818,0.15818,0.15818,275263.0
1980-03-20,0.15818,0.15818,0.15818,0.15818,619345.0
1980-03-21,0.15818,0.15818,0.15818,0.15818,172041.0
1980-03-24,0.15818,0.15818,0.1489,0.1489,1468077.0
1980-03-25,0.1489,0.1489,0.1489,0.1489,848735.0
1980-03-26,0.1489,0.15818,0.1489,0.15818,1479547.0
1980-03-27,0.1489,0.1489,0.1489,0.1489,1169876.0
1980-03-28,0.1489,0.15818,0.1489,0.15818,539061.0
1980-03-31,0.15818,0.15818,0.1489,0.15818,1043711.0
1980-04-01,0.15818,0.15818,0.15818,0.15818,470247.0
1980-04-02,0.15818,0.15818,0.15818,0.15818,252326.0
1980-04-03,0.15818,0.15818,0.15818,0.15818,22936.0
1980-04-07,0.15818,0.15818,0.1489,0.1489,126162.0
1980-04-08,0.1489,0.1489,0.1489,0.1489,355552.0
1980-04-09,0.1489,0.15818,0.1489,0.1489,458772.0
1980-04-10,0.1489,0.15818,0.1489,0.1489,676689.0
1980-04-11,0.1489,0.15818,0.1489,0.1489,665225.0
1980-04-14,0.1489,0.1489,0.1489,0.1489,172041.0
1980-04-15,0.1489,0.1489,0.1489,0.1489,263798.0
1980-04-16,0.1489,0.1489,0.1489,0.1489,252326.0
1980-04-17,0.1489,0.1489,0.13951,0.13951,1445137.0
1980-04-18,0.13951,0.1489,0.13951,0.13951,149103.0
1980-04-21,0.13951,0.13951,0.13951,0.13951,263798.0
1980-04-22,0.13951,0.1489,0.13951,0.13951,1835094.0
1980-04-23,0.13951,0.1489,0.13951,0.1489,6342559.0
1980-04-24,0.1489,0.1489,0.1489,0.1489,3704602.0
1980-04-25,0.13951,0.13951,0.13951,0.13951,860205.0
1980-04-28,0.13951,0.1489,0.13951,0.13951,1995670.0
1980-04-29,0.13951,0.1489,0.13951,0.1489,206446.0
1980-04-30,0.1489,0.1489,0.1489,0.1489,137634.0
1980-05-01,0.1489,0.1489,0.1489,0.1489,1032239.0
1980-05-02,0.1489,0.15818,0.1489,0.15818,5814965.0
1980-05-05,0.15818,0.15818,0.1489,0.15818,2351218.0
1980-05-06,0.15818,0.15818,0.15818,0.15818,1685997.0
1980-05-07,0.15818,0.15818,0.15818,0.15818,6778393.0
1980-05-08,0.15818,0.15818,0.15818,0.15818,470247.0
1980-05-09,0.15818,0.15818,0.15818,0.15818,263798.0
1980-05-12,0.15818,0.15818,0.15818,0.15818,929017.0
1980-05-13,0.15818,0.16759,0.15818,0.16759,2683830.0
1980-05-14,0.16759,0.17689,0.16759,0.17689,2018608.0
1980-05-15,0.17689,0.17689,0.17689,0.17689,665225.0
1980-05-16,0.17689,0.18618,0.17689,0.18618,2649420.0
1980-05-19,0.18618,0.18618,0.17689,0.17689,1192815.0
1980-05-20,0.18618,0.18618,0.18618,0.18618,493185.0
1980-05-21,0.18618,0.18618,0.17689,0.18618,1101058.0
1980-05-22,0.18618,0.1956,0.17689,0.1956,1513956.0
1980-05-23,0.1956,0.1956,0.1956,0.1956,1261631.0
1980-05-27,0.1956,0.1956,0.1956,0.1956,1353384.0
1980-05-28,0.1956,0.1956,0.1956,0.1956,1835094.0
1980-05-29,0.1956,0.1956,0.1956,0.1956,2660890.0
1980-05-30,0.1956,0.1956,0.18618,0.1956,688161.0
1980-06-02,0.1956,0.205,0.1956,0.1956,2075953.0
1980-06-03,0.1956,0.22341,0.1956,0.22341,4427173.0
1980-06-04,0.21417,0.21417,0.21417,0.21417,13132420.0
1980-06-05,0.21417,0.22341,0.21417,0.21417,3784890.0
1980-06-06,0.22341,0.22341,0.22341,0.22341,1961265.0
1980-06-09,0.22341,0.22341,0.21417,0.22341,1582771.0
1980-06-10,0.22341,0.22341,0.21417,0.22341,3177012.0
1980-06-11,0.22341,0.22341,0.22341,0.22341,321140.0
1980-06-12,0.22341,0.23279,0.22341,0.22341,4495992.0
1980-06-13,0.22341,0.23279,0.22341,0.23279,2603545.0
1980-06-16,0.23279,0.24219,0.23279,0.23279,2626484.0
1980-06-17,0.23279,0.24219,0.23279,0.24219,3842236.0
1980-06-18,0.24219,0.24219,0.24219,0.24219,8842878.0
1980-06-19,0.24219,0.24219,0.23279,0.23279,1743346.0
1980-06-20,0.23279,0.23279,0.23279,0.23279,1617181.0
1980-06-23,0.23279,0.23279,0.23279,0.23279,1261631.0
1980-06-24,0.23279,0.24219,0.23279,0.24219,527590.0
1980-06-25,0.24219,0.24219,0.23279,0.24219,5000642.0
1980-06-26,0.24219,0.24219,0.23279,0.23279,539061.0
1980-06-27,0.23279,0.23279,0.23279,0.23279,344079.0
1980-06-30,0.23279,0.24219,0.22341,0.24219,1869507.0
1980-07-01,0.23279,0.23279,0.23279,0.23279,240856.0
1980-07-02,0.23279,0.23279,0.23279,0.23279,3601379.0
1980-07-03,0.23279,0.24219,0.23279,0.24219,722572.0
1980-07-07,0.24219,0.24219,0.24219,0.24219,2672363.0
1980-07-08,0.24219,0.24219,0.24219,0.24219,5230027.0
1980-07-09,0.24219,0.25139,0.24219,0.24219,2695298.0
1980-07-10,0.24219,0.24219,0.24219,0.24219,4518929.0
1980-07-11,0.24219,0.24219,0.23279,0.24219,6755456.0
1980-07-14,0.24219,0.26078,0.24219,0.26078,1984197.0
1980-07-15,0.26078,0.27007,0.26078,0.26078,4622153.0
1980-07-16,0.26078,0.27007,0.26078,0.26078,470247.0
1980-07-17,0.26078,0.27007,0.26078,0.26078,779916.0
1980-07-18,0.27007,0.28859,0.27007,0.28859,3693134.0
1980-07-21,0.28859,0.28859,0.28859,0.28859,1548364.0
1980-07-22,0.28859,0.30719,0.28859,0.29789,4736843.0
1980-07-23,0.29789,0.30719,0.28859,0.29789,1995670.0
1980-07-24,0.29789,0.30719,0.29789,0.29789,871672.0
1980-07-25,0.29789,0.29789,0.28859,0.28859,917553.0
1980-07-28,0.28859,0.29789,0.28859,0.29789,286731.0
1980-07-29,0.29789,0.30719,0.29789,0.30719,619345.0
1980-07-30,0.30719,0.3164,0.30719,0.3164,1341919.0
1980-07-31,0.3164,0.3164,0.3164,0.3164,2649420.0
1980-08-01,0.32579,0.32579,0.32579,0.32579,1628652.0
1980-08-04,0.32579,0.32579,0.3164,0.32579,3475218.0
1980-08-05,0.32579,0.33518,0.32579,0.33518,2706770.0
1980-08-06,0.33518,0.33518,0.33518,0.33518,2007136.0
1980-08-07,0.33518,0.33518,0.32579,0.33518,3016444.0
1980-08-08,0.33518,0.35388,0.33518,0.34457,4507456.0
1980-08-11,0.34457,0.34457,0.33518,0.34457,1640120.0
1980-08-12,0.34457,0.34457,0.33518,0.33518,1617181.0
1980-08-13,0.32579,0.32579,0.3164,0.3164,1892443.0
1980-08-14,0.3164,0.32579,0.30719,0.32579,2007136.0
1980-08-15,0.32579,0.33518,0.3164,0.33518,940485.0
1980-08-18,0.32579,0.32579,0.3164,0.3164,1341919.0
1980-08-19,0.3164,0.3164,0.30719,0.30719,2420034.0
1980-08-20,0.30719,0.30719,0.29789,0.30719,1674525.0
1980-08-21,0.30719,0.33518,0.30719,0.32579,1341919.0
1980-08-22,0.32579,0.33518,0.3164,0.33518,5092395.0
1980-08-25,0.33518,0.33518,0.32579,0.32579,1284565.0
1980-08-26,0.32579,0.34457,0.3164,0.33518,699633.0
1980-08-27,0.33518,0.34457,0.32579,0.33518,2247995.0
1980-08-28,0.33518,0.33518,0.33518,0.33518,653751.0
1980-08-29,0.33518,0.33518,0.33518,0.33518,1685997.0
1980-09-02,0.33518,0.33518,0.32579,0.33518,401428.0
1980-09-03,0.33518,0.33518,0.33518,0.33518,1261631.0
1980-09-04,0.32579,0.32579,0.3164,0.3164,940485.0
1980-09-05,0.3164,0.32579,0.30719,0.30719,951957.0
1980-09-08,0.30719,0.3164,0.30719,0.3164,1112525.0
1980-09-09,0.3164,0.3164,0.30719,0.3164,4025744.0
1980-09-10,0.3164,0.32579,0.3164,0.3164,4495992.0
1980-09-11,0.32579,0.32579,0.32579,0.32579,3658725.0
1980-09-12,0.32579,0.32579,0.3164,0.3164,3085257.0
1980-09-15,0.3164,0.3164,0.30719,0.3164,3314646.0
1980-09-16,0.32579,0.33518,0.32579,0.33518,1938324.0
1980-09-17,0.33518,0.34457,0.33518,0.34457,1628652.0
1980-09-18,0.34457,0.34457,0.34457,0.34457,1273102.0
1980-09-19,0.34457,0.34457,0.33518,0.33518,424368.0
1980-09-22,0.33518,0.33518,0.33518,0.33518,149103.0
1980-09-23,0.34457,0.34457,0.33518,0.34457,1116352.0
1980-09-24,0.34457,0.35388,0.34457,0.34457,1491019.0
1980-09-25,0.34457,0.34457,0.34457,0.34457,5704094.0
1980-09-26,0.34457,0.34457,0.34457,0.34457,1651587.0
1980-09-29,0.33518,0.33518,0.3164,0.3164,4664206.0
1980-09-30,0.3164,0.3164,0.30719,0.3164,4381297.0
1980-10-01,0.3164,0.33518,0.3164,0.32579,3784890.0
1980-10-02,0.32579,0.33518,0.3164,0.3164,1215754.0
1980-10-03,0.3164,0.32579,0.3164,0.32579,1858036.0
1980-10-06,0.32579,0.33518,0.32579,0.33518,1728054.0
1980-10-07,0.33518,0.34457,0.33518,0.34457,3433163.0
1980-10-08,0.34457,0.36318,0.34457,0.35388,1406910.0
1980-10-09,0.35388,0.37257,0.35388,0.37257,1949792.0
1980-10-10,0.37257,0.40957,0.37257,0.39109,2431504.0
1980-10-13,0.39109,0.4003,0.39109,0.4003,1498662.0
1980-10-14,0.4003,0.4003,0.38179,0.38179,1513956.0
1980-10-15,0.38179,0.40957,0.38179,0.4003,1192815.0
1980-10-16,0.4003,0.40957,0.4003,0.4003,8846700.0
1980-10-17,0.4003,0.4003,0.39109,0.39109,2676185.0
1980-10-20,0.39109,0.4003,0.38179,0.39109,1529249.0
1980-10-21,0.39109,0.39109,0.38179,0.38179,1200460.0
1980-10-22,0.38179,0.38179,0.38179,0.38179,1185168.0
1980-10-23,0.38179,0.39109,0.38179,0.38179,1705113.0
1980-10-24,0.38179,0.38179,0.36318,0.38179,1498662.0
1980-10-27,0.38179,0.38179,0.36318,0.36318,229384.0
1980-10-28,0.36318,0.36318,0.34457,0.36318,1980379.0
1980-10-29,0.36318,0.38179,0.36318,0.37257,2102713.0
1980-10-30,0.37257,0.37257,0.34457,0.34457,680514.0
1980-10-31,0.35388,0.36318,0.35388,0.36318,1307506.0
1980-11-03,0.36318,0.37257,0.36318,0.36318,779916.0
1980-11-05,0.38179,0.42827,0.38179,0.39109,4167201.0
1980-11-06,0.39109,0.39109,0.37257,0.37257,1116352.0
1980-11-07,0.37257,0.37257,0.36318,0.36318,405251.0
1980-11-10,0.37257,0.38179,0.37257,0.38179,841084.0
1980-11-11,0.38179,0.39109,0.38179,0.39109,986365.0
1980-11-12,0.39109,0.40957,0.39109,0.40957,3547852.0
1980-11-13,0.40957,0.40957,0.4003,0.4003,1154584.0
1980-11-14,0.4003,0.4003,0.4003,0.4003,1896270.0
1980-11-17,0.4003,0.4003,0.39109,0.4003,1498662.0
1980-11-18,0.4003,0.40957,0.4003,0.40957,3953110.0
1980-11-19,0.40957,0.40957,0.4003,0.40957,2186823.0
1980-11-20,0.40957,0.40957,0.4003,0.4003,313493.0
1980-11-21,0.4003,0.40957,0.4003,0.40957,389959.0
1980-11-24,0.40957,0.40957,0.4003,0.40957,2714414.0
1980-11-25,0.40957,0.40957,0.4003,0.4003,955780.0
1980-11-26,0.4003,0.4003,0.4003,0.4003,2676185.0
1980-11-28,0.4003,0.40957,0.4003,0.4003,152925.0
1980-12-01,0.4003,0.4003,0.39109,0.4003,397603.0
1980-12-02,0.4003,0.4003,0.4003,0.4003,160571.0
1980-12-03,0.4003,0.40957,0.4003,0.4003,1422201.0
1980-12-04,0.4003,0.4189,0.4003,0.4189,2798523.0
1980-12-05,0.4189,0.4189,0.4189,0.4189,588761.0
1980-12-08,0.4189,0.4189,0.4003,0.40957,374666.0
1980-12-09,0.40957,0.40957,0.4003,0.4003,2133302.0
1980-12-10,0.4003,0.40957,0.38179,0.38179,871672.0
1980-12-11,0.38179,0.38179,0.36318,0.37257,1024593.0
1980-12-12,0.37257,0.39109,0.37257,0.38179,611698.0
1980-12-15,0.38179,0.38179,0.38179,0.38179,481714.0
1980-12-16,0.38179,0.39109,0.38179,0.38179,451128.0
1980-12-17,0.39109,0.39109,0.39109,0.39109,588761.0
1980-12-18,0.39109,0.4003,0.39109,0.39109,259971.0
1980-12-19,0.39109,0.4003,0.38179,0.4003,2569139.0
1980-12-22,0.4003,0.4003,0.39109,0.39109,160571.0
1980-12-23,0.39109,0.4189,0.39109,0.4003,389959.0
1980-12-24,0.40957,0.4189,0.40957,0.4189,290555.0
1980-12-26,0.4189,0.42827,0.4189,0.42827,313493.0
1980-12-29,0.42827,0.43769,0.42827,0.42827,871672.0
1980-12-30,0.42827,0.43769,0.42827,0.43769,2943802.0
1980-12-31,0.43769,0.44696,0.43769,0.43769,328786.0
1981-01-02,0.43769,0.43769,0.42827,0.43769,5092395.0
1981-01-05,0.43769,0.43769,0.4189,0.4189,1338090.0
1981-01-06,0.4189,0.42827,0.4189,0.42827,298204.0
1981-01-07,0.40957,0.40957,0.38179,0.4003,4251311.0
1981-01-08,0.4003,0.4189,0.4003,0.40957,2821462.0
1981-01-09,0.40957,0.4189,0.40957,0.4189,305850.0
1981-01-12,0.4189,0.42827,0.4189,0.4189,7944444.0
1981-01-13,0.4189,0.4189,0.4189,0.4189,2523260.0
1981-01-14,0.4189,0.4189,0.4189,0.4189,2446799.0
1981-01-15,0.4189,0.4189,0.4189,0.4189,4824778.0
1981-01-16,0.4189,0.42827,0.4189,0.4189,772272.0
1981-01-19,0.42827,0.42827,0.42827,0.42827,1139289.0
1981-01-20,0.42827,0.44696,0.42827,0.44696,3226715.0
1981-01-21,0.44696,0.44696,0.43769,0.43769,1215754.0
1981-01-22,0.43769,0.43769,0.43769,0.43769,779916.0
1981-01-23,0.43769,0.43769,0.42827,0.43769,1766283.0
1981-01-26,0.43769,0.44696,0.43769,0.43769,489359.0
1981-01-27,0.43769,0.45629,0.43769,0.45629,2041541.0
1981-01-28,0.45629,0.46547,0.45629,0.46547,1406910.0
1981-01-29,0.46547,0.47483,0.46547,0.46547,527590.0
1981-01-30,0.47483,0.48398,0.47483,0.48398,2202116.0
1981-02-02,0.48398,0.48398,0.47483,0.47483,1804510.0
1981-02-03,0.47483,0.48398,0.47483,0.48398,1185168.0
1981-02-04,0.48398,0.49343,0.48398,0.49343,1582771.0
1981-02-05,0.49343,0.5309,0.49343,0.5212,2240348.0
1981-02-06,0.5212,0.5212,0.5121,0.5121,3356698.0
1981-02-09,0.5121,0.5121,0.49343,0.49343,848735.0
1981-02-10,0.49343,0.49343,0.48398,0.48398,458772.0
1981-02-11,0.48398,0.49343,0.48398,0.48398,282913.0
1981-02-12,0.48398,0.5029,0.48398,0.48398,504653.0
1981-02-13,0.48398,0.48398,0.47483,0.48398,741685.0
1981-02-17,0.48398,0.48398,0.47483,0.47483,779916.0
1981-02-18,0.47483,0.47483,0.45629,0.45629,672869.0
1981-02-19,0.45629,0.45629,0.45629,0.45629,619345.0
1981-02-20,0.45629,0.45629,0.44696,0.45629,451128.0
1981-02-23,0.45629,0.48398,0.45629,0.48398,542883.0
1981-02-24,0.48398,0.48398,0.47483,0.48398,412900.0
1981-02-25,0.48398,0.48398,0.46547,0.46547,1911560.0
1981-02-26,0.47483,0.48398,0.47483,0.48398,2454443.0
1981-02-27,0.48398,0.5029,0.48398,0.49343,833438.0
1981-03-02,0.49343,0.5121,0.49343,0.5121,986365.0
1981-03-03,0.5121,0.5212,0.5029,0.5029,665225.0
1981-03-04,0.5029,0.5029,0.5029,0.5029,466417.0
1981-03-05,0.5029,0.5212,0.5029,0.5212,420539.0
1981-03-06,0.5212,0.5309,0.5121,0.5309,604055.0
1981-03-09,0.5309,0.5492,0.5212,0.5401,3012617.0
1981-03-10,0.5492,0.5492,0.5401,0.5492,703450.0
1981-03-11,0.5492,0.5492,0.5401,0.5492,955780.0
1981-03-12,0.5492,0.568,0.5492,0.568,1544538.0
1981-03-13,0.568,0.5775,0.5588,0.5588,1154584.0
1981-03-16,0.5588,0.5588,0.5588,0.5588,2118010.0
1981-03-17,0.5588,0.568,0.5588,0.568,1766283.0
1981-03-18,0.568,0.5864,0.568,0.5864,1383969.0
1981-03-19,0.5864,0.5959,0.5775,0.5959,2400921.0
1981-03-20,0.5959,0.6053,0.5864,0.5959,779916.0
1981-03-23,0.5959,0.6238,0.5959,0.6238,1253987.0
1981-03-24,0.6238,0.6331,0.6053,0.6146,1108703.0
1981-03-25,0.6146,0.6238,0.6053,0.6238,1062831.0
1981-03-26,0.6238,0.6331,0.6053,0.6053,1972727.0
1981-03-27,0.6053,0.6146,0.6053,0.6146,711100.0
1981-03-30,0.6146,0.6238,0.6053,0.6053,871672.0
1981-03-31,0.6053,0.6053,0.5864,0.5864,596405.0
1981-04-01,0.5864,0.5959,0.5864,0.5864,558172.0
1981-04-02,0.5959,0.5959,0.5959,0.5959,711100.0
1981-04-03,0.5959,0.5959,0.5864,0.5959,328786.0
1981-04-06,0.5959,0.5959,0.5864,0.5959,741685.0
1981-04-07,0.5959,0.6238,0.5959,0.6238,1819804.0
1981-04-08,0.6238,0.6423,0.6238,0.6423,2339750.0
1981-04-09,0.6423,0.6423,0.6238,0.6238,2913215.0
1981-04-10,0.6238,0.6331,0.6238,0.6238,1621003.0
1981-04-13,0.6238,0.6423,0.6238,0.6423,1705113.0
1981-04-14,0.6423,0.6423,0.6331,0.6423,321140.0
1981-04-15,0.6423,0.6423,0.6423,0.6423,3089081.0
1981-04-16,0.6423,0.6517,0.6423,0.6423,3188479.0
1981-04-20,0.6423,0.6423,0.6331,0.6331,932840.0
1981-04-21,0.6331,0.6331,0.6238,0.6238,818148.0
1981-04-22,0.6238,0.6238,0.6146,0.6238,879317.0
1981-04-23,0.6238,0.6331,0.6146,0.6146,1108703.0
1981-04-24,0.6146,0.6331,0.6146,0.6238,1322802.0
1981-04-27,0.6238,0.6238,0.6238,0.6238,367018.0
1981-04-28,0.6238,0.6238,0.6146,0.6146,5887607.0
1981-04-29,0.6146,0.6146,0.6146,0.6146,1536894.0
1981-04-30,0.6146,0.6238,0.6146,0.6238,428186.0
1981-05-01,0.6238,0.6238,0.6146,0.6146,909904.0
1981-05-04,0.6053,0.6053,0.6053,0.6053,2301519.0
1981-05-05,0.5959,0.5959,0.568,0.568,894611.0
1981-05-06,0.568,0.5959,0.568,0.5864,1177519.0
1981-05-07,0.5864,0.5864,0.5775,0.5775,237035.0
1981-05-08,0.5775,0.5864,0.568,0.5775,4381297.0
1981-05-11,0.5775,0.5775,0.568,0.568,581115.0
1981-05-12,0.568,0.568,0.5588,0.568,787563.0
1981-05-13,0.568,0.568,0.568,0.568,642285.0
1981-05-14,0.568,0.5864,0.568,0.5775,879317.0
1981-05-15,0.5775,0.5864,0.5775,0.5864,718747.0
1981-05-18,0.5864,0.6053,0.5864,0.6053,971070.0
1981-05-19,0.5959,0.5959,0.5775,0.5775,802855.0
1981-05-20,0.5775,0.5864,0.5775,0.5864,175859.0
1981-05-21,0.5864,0.6053,0.5864,0.6053,1705113.0
1981-05-22,0.6053,0.6423,0.6053,0.6423,2561492.0
1981-05-26,0.6609,0.6797,0.6609,0.6609,2148593.0
1981-05-27,0.6609,0.6797,0.6609,0.6797,1697463.0
1981-05-28,0.6797,0.717,0.6702,0.717,2263286.0
1981-05-29,0.717,0.7262,0.7078,0.7262,2569139.0
1981-06-01,0.7262,0.7262,0.717,0.7262,3310821.0
1981-06-02,0.7262,0.7262,0.7078,0.717,787563.0
1981-06-03,0.717,0.717,0.6702,0.717,4954764.0
1981-06-04,0.717,0.7262,0.7078,0.717,2148593.0
1981-06-05,0.717,0.717,0.6888,0.6888,6124637.0
1981-06-08,0.6888,0.6888,0.6797,0.6797,1995670.0
1981-06-09,0.6797,0.6797,0.6702,0.6702,1368675.0
1981-06-10,0.6702,0.6888,0.6609,0.6609,2821462.0
1981-06-11,0.6609,0.6797,0.6609,0.6797,412900.0
1981-06-12,0.6797,0.6797,0.6797,0.6797,3196129.0
1981-06-15,0.6797,0.6797,0.6702,0.6702,1131644.0
1981-06-16,0.6702,0.6702,0.6517,0.6517,3073788.0
1981-06-17,0.6517,0.6517,0.6331,0.6331,1353384.0
1981-06-18,0.6238,0.6238,0.6146,0.6238,1758636.0
1981-06-19,0.6238,0.6423,0.6146,0.6331,1284565.0
1981-06-22,0.6517,0.6702,0.6517,0.6517,1368675.0
1981-06-23,0.6609,0.6609,0.6609,0.6609,428186.0
1981-06-24,0.6609,0.6702,0.6609,0.6702,481714.0
1981-06-25,0.6702,0.6702,0.6609,0.6702,367018.0
1981-06-26,0.6702,0.6797,0.6702,0.6702,1399260.0
1981-06-29,0.6609,0.6609,0.6517,0.6517,588761.0
1981-06-30,0.6423,0.6423,0.6331,0.6423,1819804.0
1981-07-01,0.6423,0.6517,0.6423,0.6423,1429845.0
1981-07-02,0.6423,0.6517,0.6423,0.6423,695805.0
1981-07-06,0.6423,0.6423,0.6331,0.6423,833438.0
1981-07-07,0.6423,0.6423,0.6146,0.6146,3211421.0
1981-07-08,0.6146,0.6146,0.568,0.5775,4603035.0
1981-07-09,0.5775,0.5775,0.5401,0.568,9810125.0
1981-07-10,0.568,0.5775,0.568,0.5775,864023.0
1981-07-13,0.5775,0.5775,0.568,0.5775,886961.0
1981-07-14,0.5775,0.5775,0.568,0.568,2890279.0
1981-07-15,0.568,0.568,0.568,0.568,2324458.0
1981-07-16,0.568,0.568,0.5588,0.568,604055.0
1981-07-17,0.568,0.568,0.5588,0.568,389959.0
1981-07-20,0.568,0.568,0.5588,0.5588,994010.0
1981-07-21,0.5588,0.5588,0.5401,0.5401,2936156.0
1981-07-22,0.5401,0.5401,0.5121,0.5121,5964064.0
1981-07-23,0.5029,0.5029,0.48398,0.5029,1452784.0
1981-07-24,0.5029,0.5029,0.49343,0.5029,542883.0
1981-07-27,0.5029,0.5029,0.49343,0.49343,1858036.0
1981-07-28,0.49343,0.49343,0.48398,0.48398,5398245.0
1981-07-29,0.48398,0.48398,0.45629,0.45629,2446799.0
1981-07-30,0.45629,0.45629,0.42827,0.45629,11912843.0
1981-07-31,0.45629,0.47483,0.45629,0.47483,3295532.0
1981-08-03,0.47483,0.47483,0.46547,0.47483,1621003.0
1981-08-04,0.47483,0.48398,0.46547,0.48398,1697463.0
1981-08-05,0.48398,0.5212,0.47483,0.5212,2599723.0
1981-08-06,0.5212,0.5212,0.5121,0.5212,2400921.0
1981-08-07,0.5212,0.5212,0.5212,0.5212,229384.0
1981-08-10,0.5121,0.5121,0.48398,0.48398,1154584.0
1981-08-11,0.48398,0.49343,0.48398,0.49343,779916.0
1981-08-12,0.49343,0.49343,0.48398,0.48398,1972727.0
1981-08-13,0.48398,0.48398,0.47483,0.48398,3134958.0
1981-08-14,0.48398,0.49343,0.48398,0.49343,2072130.0
1981-08-17,0.49343,0.49343,0.49343,0.49343,443482.0
1981-08-18,0.49343,0.49343,0.49343,0.49343,1475722.0
1981-08-19,0.49343,0.49343,0.48398,0.49343,1865686.0
1981-08-20,0.49343,0.49343,0.49343,0.49343,328786.0
1981-08-21,0.49343,0.5029,0.49343,0.5029,3379638.0
1981-08-24,0.49343,0.49343,0.49343,0.49343,1552187.0
1981-08-25,0.49343,0.49343,0.47483,0.47483,1368675.0
1981-08-26,0.47483,0.47483,0.44696,0.44696,4434820.0
1981-08-27,0.44696,0.44696,0.44696,0.44696,1590421.0
1981-08-28,0.44696,0.44696,0.43769,0.43769,1154584.0
1981-08-31,0.42827,0.42827,0.40957,0.4189,1475722.0
1981-09-01,0.4189,0.42827,0.4189,0.42827,1819804.0
1981-09-02,0.42827,0.44696,0.42827,0.43769,2683830.0
1981-09-03,0.43769,0.44696,0.43769,0.44696,1437491.0
1981-09-04,0.43769,0.43769,0.43769,0.43769,1246336.0
1981-09-08,0.43769,0.44696,0.42827,0.43769,2148593.0
1981-09-09,0.43769,0.44696,0.43769,0.43769,596405.0
1981-09-10,0.43769,0.44696,0.43769,0.44696,1383969.0
1981-09-11,0.44696,0.44696,0.44696,0.44696,3891935.0
1981-09-14,0.44696,0.44696,0.44696,0.44696,3823117.0
1981-09-15,0.44696,0.44696,0.44696,0.44696,825794.0
1981-09-16,0.44696,0.44696,0.43769,0.43769,2018608.0
1981-09-17,0.43769,0.44696,0.43769,0.44696,1590421.0
1981-09-18,0.43769,0.43769,0.43769,0.43769,1965084.0
1981-09-21,0.43769,0.43769,0.43769,0.43769,298204.0
1981-09-22,0.43769,0.44696,0.39109,0.39109,5482358.0
1981-09-23,0.37257,0.37257,0.35388,0.37257,16829378.0
1981-09-24,0.37257,0.37257,0.37257,0.37257,3578442.0
1981-09-25,0.37257,0.37257,0.36318,0.37257,1292211.0
1981-09-28,0.37257,0.37257,0.35388,0.37257,1246336.0
1981-09-29,0.38179,0.40957,0.38179,0.40957,5413536.0
1981-09-30,0.4003,0.4003,0.39109,0.39109,405251.0
1981-10-01,0.4003,0.40957,0.4003,0.40957,4159554.0
1981-10-02,0.40957,0.4189,0.40957,0.4189,3211421.0
1981-10-05,0.4189,0.42827,0.4189,0.4189,1437491.0
1981-10-06,0.4189,0.4189,0.40957,0.4189,886961.0
1981-10-07,0.4189,0.42827,0.4189,0.4189,405251.0
1981-10-08,0.4189,0.4189,0.4189,0.4189,290555.0
1981-10-09,0.4189,0.42827,0.4189,0.4189,558172.0
1981-10-12,0.4189,0.4189,0.4189,0.4189,129986.0
1981-10-13,0.4189,0.4189,0.40957,0.40957,397603.0
1981-10-14,0.40957,0.40957,0.38179,0.38179,344079.0
1981-10-15,0.39109,0.4003,0.39109,0.4003,3471392.0
1981-10-16,0.4003,0.4003,0.4003,0.4003,1414556.0
1981-10-19,0.4003,0.4003,0.39109,0.4003,1949792.0
1981-10-20,0.4003,0.4189,0.4003,0.40957,1406910.0
1981-10-21,0.40957,0.4189,0.40957,0.4189,2561492.0
1981-10-22,0.4189,0.4189,0.40957,0.40957,519946.0
1981-10-23,0.40957,0.40957,0.4003,0.40957,526061.0
1981-10-26,0.40957,0.4189,0.4003,0.40957,244679.0
1981-10-27,0.40957,0.4189,0.40957,0.40957,532175.0
1981-10-28,0.40957,0.40957,0.4003,0.4003,929784.0
1981-10-29,0.4003,0.40957,0.4003,0.40957,611698.0
1981-10-30,0.40957,0.40957,0.40957,0.40957,544412.0
1981-11-02,0.40957,0.43769,0.40957,0.43769,2092016.0
1981-11-03,0.43769,0.43769,0.42827,0.43769,2030841.0
1981-11-04,0.43769,0.43769,0.42827,0.42827,874729.0
1981-11-05,0.42827,0.43769,0.42827,0.43769,1156109.0
1981-11-06,0.43769,0.43769,0.42827,0.42827,764622.0
1981-11-09,0.42827,0.43769,0.4189,0.42827,2171532.0
1981-11-10,0.43769,0.45629,0.43769,0.45629,4997583.0
1981-11-11,0.45629,0.48398,0.45629,0.47483,2471266.0
1981-11-12,0.47483,0.48398,0.47483,0.48398,3021790.0
1981-11-13,0.48398,0.48398,0.47483,0.47483,617815.0
1981-11-16,0.46547,0.46547,0.46547,0.46547,1064360.0
1981-11-17,0.46547,0.48398,0.46547,0.48398,3003446.0
1981-11-18,0.48398,0.49343,0.47483,0.48398,1070472.0
1981-11-19,0.48398,0.49343,0.46547,0.47483,1260100.0
1981-11-20,0.47483,0.47483,0.47483,0.47483,183514.0
1981-11-23,0.47483,0.47483,0.46547,0.46547,1039890.0
1981-11-24,0.46547,0.47483,0.46547,0.46547,1070472.0
1981-11-25,0.46547,0.47483,0.46547,0.47483,874729.0
1981-11-27,0.47483,0.48398,0.47483,0.48398,128458.0
1981-11-30,0.48398,0.48398,0.47483,0.48398,1676052.0
1981-12-01,0.48398,0.48398,0.47483,0.47483,587231.0
1981-12-02,0.46547,0.46547,0.45629,0.45629,691216.0
1981-12-03,0.45629,0.45629,0.44696,0.45629,495475.0
1981-12-04,0.45629,0.45629,0.43769,0.44696,544412.0
1981-12-07,0.43769,0.43769,0.4189,0.4189,2104246.0
1981-12-08,0.4189,0.4189,0.40957,0.40957,990951.0
1981-12-09,0.40957,0.4189,0.40957,0.4189,642285.0
1981-12-10,0.40957,0.40957,0.40957,0.40957,1431377.0
1981-12-11,0.40957,0.42827,0.40957,0.42827,4288012.0
1981-12-14,0.42827,0.42827,0.40957,0.40957,4789607.0
1981-12-15,0.40957,0.40957,0.40957,0.40957,758508.0
1981-12-16,0.40957,0.40957,0.40957,0.40957,899198.0
1981-12-17,0.40957,0.4189,0.40957,0.4189,1492544.0
1981-12-18,0.4189,0.4189,0.40957,0.4189,1223399.0
1981-12-21,0.4189,0.4189,0.40957,0.40957,1517013.0
1981-12-22,0.40957,0.42827,0.40957,0.42827,2813817.0
1981-12-23,0.42827,0.43769,0.4189,0.42827,269150.0
1981-12-24,0.42827,0.42827,0.42827,0.42827,201861.0
1981-12-28,0.42827,0.42827,0.4189,0.4189,587231.0
1981-12-29,0.4189,0.42827,0.4189,0.4189,1003186.0
1981-12-30,0.4189,0.4189,0.40957,0.4189,1963557.0
1981-12-31,0.4189,0.43769,0.4189,0.43769,2587487.0
1982-01-04,0.43769,0.44696,0.4189,0.4189,1272336.0
1982-01-05,0.4189,0.4189,0.4189,0.4189,256910.0
1982-01-06,0.4189,0.42827,0.4189,0.42827,3896525.0
1982-01-07,0.42827,0.42827,0.4189,0.4189,1755577.0
1982-01-08,0.42827,0.42827,0.42827,0.42827,177389.0
1982-01-11,0.42827,0.43769,0.42827,0.42827,348669.0
1982-01-12,0.42827,0.43769,0.4189,0.42827,1137761.0
1982-01-13,0.42827,0.43769,0.42827,0.43769,311967.0
1982-01-14,0.43769,0.43769,0.43769,0.43769,367018.0
1982-01-15,0.43769,0.43769,0.4189,0.43769,391485.0
1982-01-18,0.43769,0.43769,0.43769,0.43769,238563.0
1982-01-19,0.43769,0.44696,0.43769,0.43769,789093.0
1982-01-20,0.43769,0.43769,0.42827,0.42827,1070472.0
1982-01-21,0.42827,0.43769,0.42827,0.43769,1676052.0
1982-01-22,0.43769,0.43769,0.43769,0.43769,67285.0
1982-01-25,0.43769,0.44696,0.43769,0.44696,642285.0
1982-01-26,0.44696,0.44696,0.44696,0.44696,1969669.0
1982-01-27,0.44696,0.45629,0.44696,0.45629,3248127.0
1982-01-28,0.45629,0.46547,0.45629,0.46547,599463.0
1982-01-29,0.46547,0.48398,0.46547,0.48398,893081.0
1982-02-01,0.48398,0.48398,0.46547,0.46547,318083.0
1982-02-02,0.47483,0.48398,0.47483,0.47483,611698.0
1982-02-03,0.47483,0.48398,0.47483,0.48398,519946.0
1982-02-04,0.49343,0.5121,0.49343,0.49343,9181604.0
1982-02-05,0.49343,0.5121,0.49343,0.5121,1694403.0
1982-02-08,0.5121,0.5121,0.48398,0.49343,2948391.0
1982-02-09,0.48398,0.48398,0.47483,0.47483,1413026.0
1982-02-10,0.47483,0.48398,0.47483,0.47483,1455844.0
1982-02-11,0.47483,0.48398,0.47483,0.48398,1039890.0
1982-02-12,0.48398,0.49343,0.48398,0.48398,1101058.0
1982-02-16,0.48398,0.49343,0.47483,0.49343,1841216.0
1982-02-17,0.49343,0.49343,0.48398,0.48398,2128711.0
1982-02-18,0.49343,0.5121,0.49343,0.5029,4312477.0
1982-02-19,0.5029,0.5029,0.49343,0.49343,373137.0
1982-02-22,0.49343,0.5029,0.49343,0.5029,1865686.0
1982-02-23,0.5029,0.5029,0.49343,0.49343,5015931.0
1982-02-24,0.49343,0.5029,0.49343,0.5029,886961.0
1982-02-25,0.5029,0.5029,0.49343,0.49343,2299990.0
1982-02-26,0.49343,0.5029,0.49343,0.49343,146807.0
1982-03-01,0.49343,0.5029,0.49343,0.5029,2440679.0
1982-03-02,0.5029,0.5212,0.5029,0.5121,3859819.0
1982-03-03,0.5121,0.5309,0.5121,0.5309,8031611.0
1982-03-04,0.5309,0.5309,0.5212,0.5309,3150249.0
1982-03-05,0.5309,0.5401,0.5309,0.5309,2636422.0
1982-03-08,0.5309,0.5309,0.5212,0.5212,1547599.0
1982-03-09,0.5212,0.5309,0.5212,0.5212,2526317.0
1982-03-10,0.5212,0.5492,0.5212,0.5492,2244937.0
1982-03-11,0.5492,0.5492,0.5309,0.5309,1694403.0
1982-03-12,0.5309,0.5309,0.5121,0.5212,2483498.0
1982-03-15,0.5212,0.5212,0.5121,0.5212,1547599.0
1982-03-16,0.5212,0.5212,0.5121,0.5121,1957441.0
1982-03-17,0.5121,0.5212,0.5121,0.5212,2000256.0
1982-03-18,0.5212,0.5309,0.5121,0.5309,256910.0
1982-03-19,0.5309,0.5401,0.5212,0.5212,972601.0
1982-03-22,0.5309,0.5401,0.5309,0.5401,4043329.0
1982-03-23,0.5401,0.5492,0.5401,0.5492,4869126.0
1982-03-24,0.5492,0.5492,0.5401,0.5492,4691731.0
1982-03-25,0.5492,0.5492,0.5492,0.5492,1773928.0
1982-03-26,0.5492,0.5492,0.5401,0.5401,630050.0
1982-03-29,0.5401,0.5492,0.5401,0.5492,874729.0
1982-03-30,0.5492,0.5588,0.5492,0.5492,489359.0
1982-03-31,0.5492,0.5492,0.5492,0.5492,954250.0
1982-04-01,0.5492,0.5588,0.5492,0.5588,1492544.0
1982-04-02,0.5588,0.568,0.5588,0.5588,1731111.0
1982-04-05,0.5588,0.568,0.5588,0.568,727924.0
1982-04-06,0.568,0.568,0.5588,0.5588,1504782.0
1982-04-07,0.5588,0.568,0.5588,0.5588,1143877.0
1982-04-08,0.5588,0.5588,0.5401,0.5401,2862749.0
1982-04-12,0.5401,0.5588,0.5212,0.5309,2061425.0
1982-04-13,0.5309,0.5309,0.5212,0.5309,2691475.0
1982-04-14,0.5309,0.5309,0.5212,0.5212,587231.0
1982-04-15,0.5212,0.5212,0.5121,0.5121,348669.0
1982-04-16,0.5121,0.5212,0.5121,0.5212,1321271.0
1982-04-19,0.5212,0.5212,0.49343,0.49343,1174467.0
1982-04-20,0.49343,0.5029,0.48398,0.5029,1302917.0
1982-04-21,0.5029,0.5121,0.49343,0.5121,1345737.0
1982-04-22,0.5121,0.5212,0.5029,0.5029,1804510.0
1982-04-23,0.5212,0.5309,0.5212,0.5309,8759533.0
1982-04-26,0.5309,0.5492,0.5309,0.5401,3437750.0
1982-04-27,0.5492,0.5588,0.5492,0.5588,8331343.0
1982-04-28,0.5588,0.5588,0.5492,0.5492,6000768.0
1982-04-29,0.5492,0.5492,0.5492,0.5492,2379508.0
1982-04-30,0.5492,0.5492,0.5401,0.5492,446539.0
1982-05-03,0.5492,0.5492,0.5401,0.5401,978717.0
1982-05-04,0.5401,0.5492,0.5401,0.5401,1419143.0
1982-05-05,0.5401,0.5492,0.5401,0.5492,3254240.0
1982-05-06,0.5492,0.5588,0.5492,0.5492,3156367.0
1982-05-07,0.5588,0.5588,0.5588,0.5588,1394671.0
1982-05-10,0.5588,0.5588,0.5588,0.5588,79521.0
1982-05-11,0.5588,0.5588,0.5588,0.5588,795208.0
1982-05-12,0.5588,0.5588,0.5588,0.5588,415954.0
1982-05-13,0.5588,0.5959,0.5588,0.568,5468593.0
1982-05-14,0.568,0.5775,0.568,0.5775,4642796.0
1982-05-17,0.5775,0.5775,0.5775,0.5775,2679243.0
1982-05-18,0.5775,0.5864,0.5588,0.568,3755836.0
1982-05-19,0.568,0.568,0.5588,0.5588,1816748.0
1982-05-20,0.5588,0.5588,0.5492,0.5492,2269404.0
1982-05-21,0.5492,0.5492,0.5401,0.5401,1394671.0
1982-05-24,0.5401,0.5401,0.5309,0.5401,825794.0
1982-05-25,0.5401,0.5492,0.5401,0.5401,746273.0
1982-05-26,0.5401,0.5401,0.5401,0.5401,886961.0
1982-05-27,0.5401,0.5401,0.5309,0.5309,691216.0
1982-05-28,0.5309,0.5309,0.5212,0.5212,1339621.0
1982-06-01,0.5212,0.5212,0.5212,0.5212,324198.0
1982-06-02,0.5212,0.5212,0.5212,0.5212,30584.0
1982-06-03,0.5212,0.5401,0.5212,0.5401,1847331.0
1982-06-04,0.5401,0.5492,0.5401,0.5492,1853446.0
1982-06-07,0.5492,0.5588,0.5401,0.5588,1253987.0
1982-06-08,0.5588,0.5588,0.5588,0.5588,990951.0
1982-06-09,0.5588,0.568,0.5588,0.5588,1321271.0
1982-06-10,0.5588,0.5588,0.5492,0.5588,489359.0
1982-06-11,0.568,0.5864,0.568,0.5864,4404234.0
1982-06-14,0.5864,0.5864,0.5775,0.5864,1198932.0
1982-06-15,0.5864,0.5959,0.5775,0.5959,4012749.0
1982-06-16,0.5959,0.6146,0.5959,0.6053,3138020.0
1982-06-17,0.6053,0.6146,0.6053,0.6146,1094941.0
1982-06-18,0.6146,0.6146,0.5864,0.5864,1272336.0
1982-06-21,0.5864,0.5959,0.5864,0.5864,3639613.0
1982-06-22,0.5959,0.5959,0.5959,0.5959,171279.0
1982-06-23,0.5959,0.6238,0.5959,0.6238,3547852.0
1982-06-24,0.6238,0.6331,0.6238,0.6238,3792534.0
1982-06-25,0.6238,0.6238,0.6053,0.6053,1584301.0
1982-06-28,0.6053,0.6146,0.6053,0.6053,1724992.0
1982-06-29,0.6053,0.6053,0.6053,0.6053,1486429.0
1982-06-30,0.6053,0.6238,0.6053,0.6238,1156109.0
1982-07-01,0.6238,0.6238,0.6146,0.6238,2679243.0
1982-07-02,0.6238,0.6238,0.6146,0.6146,177389.0
1982-07-06,0.6146,0.6238,0.6146,0.6238,415954.0
1982-07-07,0.6238,0.6423,0.6238,0.6423,1039890.0
1982-07-08,0.6423,0.6517,0.6331,0.6423,5107688.0
1982-07-09,0.6423,0.6517,0.6331,0.6423,764622.0
1982-07-12,0.6423,0.6423,0.6238,0.6331,2489617.0
1982-07-13,0.6331,0.6331,0.6331,0.6331,2361157.0
1982-07-14,0.6331,0.6331,0.6331,0.6331,1455844.0
1982-07-15,0.6423,0.6423,0.6423,0.6423,2881104.0
1982-07-16,0.6331,0.6331,0.6053,0.6146,3058500.0
1982-07-19,0.6238,0.6238,0.6238,0.6238,2183767.0
1982-07-20,0.6238,0.6238,0.6238,0.6238,1113294.0
1982-07-21,0.6238,0.6238,0.6146,0.6146,1370208.0
1982-07-22,0.6146,0.6238,0.6146,0.6146,2434566.0
1982-07-23,0.6146,0.6146,0.6053,0.6053,1339621.0
1982-07-26,0.6053,0.6053,0.5864,0.5959,844147.0
1982-07-27,0.5959,0.5959,0.5864,0.5959,1174467.0
1982-07-28,0.5959,0.6053,0.5959,0.6053,1468077.0
1982-07-29,0.6053,0.6053,0.5959,0.5959,1627122.0
1982-07-30,0.5959,0.6053,0.5959,0.5959,3419397.0
1982-08-02,0.6053,0.6053,0.6053,0.6053,2257170.0
1982-08-03,0.6053,0.6146,0.6053,0.6053,3015672.0
1982-08-04,0.6053,0.6053,0.5864,0.5864,2991207.0
1982-08-05,0.5864,0.5864,0.5864,0.5864,1572067.0
1982-08-06,0.5864,0.5864,0.5864,0.5864,2330575.0
1982-08-09,0.5775,0.5775,0.568,0.568,2177649.0
1982-08-10,0.568,0.5775,0.568,0.5775,1327387.0
1982-08-11,0.5775,0.5775,0.568,0.5775,1357974.0
1982-08-12,0.568,0.568,0.568,0.568,403722.0
1982-08-13,0.568,0.5775,0.568,0.5775,642285.0
1982-08-16,0.5775,0.5775,0.568,0.5775,3186953.0
1982-08-17,0.5775,0.5959,0.568,0.5959,1761695.0
1982-08-18,0.6053,0.6146,0.6053,0.6053,5994654.0
1982-08-19,0.6053,0.6146,0.6053,0.6146,1969669.0
1982-08-20,0.6146,0.6517,0.6146,0.6517,1737223.0
1982-08-23,0.6517,0.6888,0.6423,0.6888,3657958.0
1982-08-24,0.7078,0.7262,0.7078,0.717,4973116.0
1982-08-25,0.717,0.717,0.6702,0.7078,11640637.0
1982-08-26,0.7078,0.717,0.6984,0.7078,2098128.0
1982-08-27,0.7078,0.7078,0.6984,0.7078,12784512.0
1982-08-30,0.6984,0.6984,0.6888,0.6888,3908758.0
1982-08-31,0.6984,0.717,0.6984,0.717,1853446.0
1982-09-01,0.717,0.7262,0.7078,0.7262,2312222.0
1982-09-02,0.7262,0.7541,0.7262,0.7541,5168859.0
1982-09-03,0.7637,0.8008,0.7637,0.8008,3553974.0
1982-09-07,0.8008,0.8381,0.7916,0.7916,10380538.0
1982-09-08,0.7916,0.7916,0.782,0.7916,5523645.0
1982-09-09,0.7916,0.8008,0.782,0.7916,4991468.0
1982-09-10,0.782,0.782,0.7541,0.7637,4245192.0
1982-09-13,0.7637,0.7637,0.7355,0.7637,4563276.0
1982-09-14,0.7637,0.7916,0.7637,0.7916,7854217.0
1982-09-15,0.7916,0.7916,0.7728,0.782,856380.0
1982-09-16,0.7728,0.7728,0.7541,0.7637,3082964.0
1982-09-17,0.7637,0.7637,0.7262,0.7262,15555513.0
1982-09-20,0.7262,0.7262,0.7078,0.7078,1058238.0
1982-09-21,0.7078,0.717,0.6984,0.717,2385627.0
1982-09-22,0.717,0.7355,0.7078,0.717,6826566.0
1982-09-23,0.717,0.717,0.7078,0.7078,373137.0
1982-09-24,0.7078,0.717,0.6984,0.717,4061683.0
1982-09-27,0.717,0.7262,0.7078,0.7262,1602650.0
1982-09-28,0.7262,0.7355,0.717,0.7262,2208232.0
1982-09-29,0.7262,0.7262,0.717,0.7262,2183767.0
1982-09-30,0.717,0.717,0.717,0.717,3584557.0
1982-10-01,0.717,0.7355,0.717,0.7355,2746531.0
1982-10-04,0.7355,0.7355,0.7355,0.7355,1382442.0
1982-10-05,0.7355,0.7355,0.7355,0.7355,1700524.0
1982-10-06,0.7355,0.7637,0.7355,0.7637,4196257.0
1982-10-07,0.8008,0.8101,0.8008,0.8008,3138020.0
1982-10-08,0.8101,0.8101,0.8101,0.8101,3009560.0
1982-10-11,0.8101,0.8286,0.8101,0.8286,2642540.0
1982-10-12,0.8286,0.8381,0.8286,0.8286,1119413.0
1982-10-13,0.8286,0.8381,0.8193,0.8193,9053147.0
1982-10-14,0.8193,0.8193,0.782,0.782,2073658.0
1982-10-15,0.782,0.782,0.782,0.782,795208.0
1982-10-18,0.782,0.7916,0.782,0.782,880846.0
1982-10-19,0.782,0.782,0.7448,0.7448,4520457.0
1982-10-20,0.7448,0.7728,0.7355,0.7728,8092782.0
1982-10-21,0.7728,0.782,0.7728,0.782,1908501.0
1982-10-22,0.782,0.8008,0.782,0.8008,1535364.0
1982-10-25,0.7916,0.7916,0.7541,0.7637,1896270.0
1982-10-26,0.7637,0.7728,0.7541,0.7728,2630305.0
1982-10-27,0.782,0.8008,0.782,0.782,4184019.0
1982-10-28,0.782,0.782,0.7637,0.7637,2593608.0
1982-10-29,0.7541,0.7541,0.7355,0.7541,4141205.0
1982-11-01,0.7541,0.7637,0.7448,0.7637,5939596.0
1982-11-02,0.7728,0.782,0.7728,0.7728,2043079.0
1982-11-03,0.7728,0.8008,0.7637,0.8008,1700524.0
1982-11-04,0.8101,0.8286,0.8101,0.8193,2226587.0
1982-11-05,0.8286,0.8381,0.8286,0.8381,1553716.0
1982-11-08,0.8381,0.8381,0.8193,0.8286,1737223.0
1982-11-09,0.8286,0.8659,0.8286,0.8564,1749460.0
1982-11-10,0.8564,0.8564,0.8381,0.8381,1468077.0
1982-11-11,0.8381,0.8381,0.8193,0.8286,1780044.0
1982-11-12,0.8286,0.8286,0.8193,0.8193,966483.0
1982-11-15,0.8193,0.8286,0.8101,0.8286,1370208.0
1982-11-16,0.8286,0.8381,0.8286,0.8381,850263.0
1982-11-17,0.8381,0.8471,0.8381,0.8381,1621003.0
1982-11-18,0.8381,0.8471,0.8381,0.8471,1572067.0
1982-11-19,0.8471,0.8564,0.8471,0.8564,7530017.0
1982-11-22,0.8564,0.8564,0.8381,0.8471,4434820.0
1982-11-23,0.8381,0.8381,0.8193,0.8193,1584301.0
1982-11-24,0.8193,0.8286,0.8193,0.8193,2379508.0
1982-11-26,0.8193,0.8193,0.8193,0.8193,48935.0
1982-11-29,0.8286,0.8286,0.8286,0.8286,1376323.0
1982-11-30,0.8286,0.8659,0.8286,0.8659,3364347.0
1982-12-01,0.8843,0.9125,0.8843,0.9029,3798652.0
1982-12-02,0.9029,0.9029,0.894,0.9029,960367.0
1982-12-03,0.9029,0.9029,0.8843,0.8843,2862749.0
1982-12-06,0.9029,0.931,0.9029,0.931,3388815.0
1982-12-07,0.931,0.9684,0.931,0.9684,2348922.0
1982-12-08,0.9684,0.9776,0.9593,0.9593,1284565.0
1982-12-09,0.9497,0.9497,0.9029,0.9125,3443870.0
1982-12-10,0.9125,0.9125,0.8753,0.8753,1076591.0
1982-12-13,0.8753,0.8843,0.8659,0.8843,2874988.0
1982-12-14,0.8843,0.9125,0.8753,0.8753,5493058.0
1982-12-15,0.8659,0.8659,0.8286,0.8381,2073658.0
1982-12-16,0.8193,0.8193,0.8008,0.8101,11781327.0
1982-12-17,0.8193,0.8286,0.8193,0.8286,6795982.0
1982-12-20,0.8286,0.8286,0.7916,0.7916,4355300.0
1982-12-21,0.7916,0.8101,0.782,0.8101,1884036.0
1982-12-22,0.8101,0.8381,0.8008,0.8381,4930298.0
1982-12-23,0.8381,0.8381,0.8286,0.8286,1339621.0
1982-12-27,0.8286,0.8381,0.8286,0.8286,2581370.0
1982-12-28,0.8286,0.8286,0.8101,0.8101,648400.0
1982-12-29,0.8101,0.8193,0.8101,0.8193,232443.0
1982-12-30,0.8193,0.8193,0.8193,0.8193,159045.0
1982-12-31,0.8101,0.8101,0.8101,0.8101,305850.0
1983-01-03,0.8101,0.8193,0.8101,0.8101,630050.0
1983-01-04,0.8101,0.8101,0.7728,0.782,1884036.0
1983-01-05,0.782,0.782,0.7728,0.782,4863009.0
1983-01-06,0.782,0.8101,0.7728,0.8008,3670196.0
1983-01-07,0.8101,0.8193,0.8101,0.8193,4031099.0
1983-01-10,0.8193,0.8471,0.8193,0.8471,5242265.0
1983-01-11,0.8471,0.8564,0.8471,0.8471,5126044.0
1983-01-12,0.8471,0.8659,0.8471,0.8564,1015422.0
1983-01-13,0.8564,0.8564,0.8471,0.8471,801326.0
1983-01-14,0.8471,0.8843,0.8471,0.8753,574997.0
1983-01-17,0.8753,0.894,0.8753,0.8843,1474194.0
1983-01-18,0.8843,0.8843,0.8659,0.8659,1058238.0
1983-01-19,0.8659,0.8753,0.8564,0.8659,1553716.0
1983-01-20,0.8659,0.8843,0.8659,0.8753,1449729.0
1983-01-21,0.8659,0.8659,0.8659,0.8659,1578185.0
1983-01-24,0.8564,0.8564,0.7637,0.8471,3419397.0
1983-01-25,0.8659,0.9029,0.8659,0.9029,3086022.0
1983-01-26,0.9125,0.931,0.9125,0.9125,2199059.0
1983-01-27,0.9125,0.9219,0.9125,0.9125,1605708.0
1983-01-28,0.9125,0.931,0.9029,0.9125,3058500.0
1983-01-31,0.9125,0.9219,0.9029,0.9125,1299858.0
1983-02-01,0.9125,0.9219,0.8564,0.8659,2391744.0
1983-02-02,0.8659,0.9029,0.8564,0.8843,1263157.0
1983-02-03,0.8843,0.9029,0.8843,0.894,2991207.0
1983-02-04,0.9125,0.9684,0.9125,0.9684,5095451.0
1983-02-07,0.9684,0.9868,0.9684,0.9684,3783361.0
1983-02-08,0.9684,0.9776,0.9593,0.9776,761566.0
1983-02-09,0.9776,0.9776,0.931,0.931,1688290.0
1983-02-10,0.931,0.9497,0.9219,0.931,810504.0
1983-02-11,0.9497,0.9776,0.9497,0.9684,1599593.0
1983-02-14,0.9684,0.9963,0.9593,0.9963,2434566.0
1983-02-15,0.9963,1.0057,0.9684,0.9776,2342812.0
1983-02-16,0.9776,0.9776,0.9593,0.9593,1104115.0
1983-02-17,0.9593,0.9593,0.9219,0.9403,755448.0
1983-02-18,0.9403,0.9497,0.9403,0.9497,626991.0
1983-02-22,0.9593,0.9963,0.9593,0.9776,3492802.0
1983-02-23,0.9776,0.9868,0.9684,0.9868,8465917.0
1983-02-24,0.9868,0.9868,0.9776,0.9868,1966615.0
1983-02-25,0.9868,1.0057,0.9868,0.9963,4856892.0
1983-02-28,0.9963,0.9963,0.9684,0.9684,1391615.0
1983-03-01,0.9776,1.024,0.9776,1.0152,4633620.0
1983-03-02,1.024,1.0337,1.024,1.0337,2630305.0
1983-03-03,1.0337,1.043,1.0337,1.0337,1984959.0
1983-03-04,1.0337,1.043,1.024,1.0337,807444.0
1983-03-07,1.0337,1.043,1.0152,1.024,1042947.0
1983-03-08,1.024,1.0337,1.0152,1.024,2982033.0
1983-03-09,1.024,1.024,1.0057,1.0057,6052761.0
1983-03-10,1.0057,1.0152,1.0057,1.0057,663692.0
1983-03-11,1.0057,1.0057,0.9868,0.9868,755448.0
1983-03-14,0.9868,0.9868,0.9684,0.9868,660637.0
1983-03-15,0.9776,0.9776,0.9684,0.9776,581115.0
1983-03-16,0.9776,1.0057,0.9684,0.9868,2587487.0
1983-03-17,0.9868,0.9868,0.9776,0.9868,712629.0
1983-03-18,0.9868,0.9963,0.9868,0.9868,834968.0
1983-03-21,0.9868,0.9963,0.9868,0.9868,926727.0
1983-03-22,0.9868,1.0057,0.9868,0.9963,801326.0
1983-03-23,1.0057,1.0152,1.0057,1.0057,807444.0
1983-03-24,1.0057,1.0152,1.0057,1.0057,1345737.0
1983-03-25,1.0057,1.0152,0.9868,0.9868,1373266.0
1983-03-28,0.9868,0.9868,0.9684,0.9684,177389.0
1983-03-29,0.9684,0.9684,0.9497,0.9497,513830.0
1983-03-30,0.9497,0.9776,0.9403,0.9684,630050.0
1983-03-31,0.9684,0.9776,0.9593,0.9593,1079647.0
1983-04-04,0.9497,0.9497,0.9403,0.9403,685102.0
1983-04-05,0.9403,0.9403,0.9125,0.9219,3098255.0
1983-04-06,0.9219,0.9219,0.8753,0.8843,617815.0
1983-04-07,0.894,0.9219,0.894,0.9219,2321400.0
1983-04-08,0.9219,0.9403,0.9219,0.931,449597.0
1983-04-11,0.931,0.9497,0.931,0.9497,801326.0
1983-04-12,0.9497,0.9497,0.9219,0.9219,706515.0
1983-04-13,0.9219,0.9403,0.9219,0.9403,3795590.0
1983-04-14,0.9403,0.9403,0.931,0.9403,2107303.0
1983-04-15,0.9403,0.9776,0.9403,0.9684,2000256.0
1983-04-18,0.9776,1.024,0.9776,1.0152,2587487.0
1983-04-19,1.0152,1.0152,0.9963,1.0057,795208.0
1983-04-20,1.0057,1.0152,0.9963,1.0057,474066.0
1983-04-21,1.0152,1.0337,1.0152,1.024,1299858.0
1983-04-22,1.024,1.024,0.9776,0.9868,2058369.0
1983-04-25,0.9868,0.9868,0.9776,0.9776,2859696.0
1983-04-26,0.9776,0.9868,0.9684,0.9868,3654901.0
1983-04-27,0.9868,1.0057,0.9868,1.0057,2599723.0
1983-04-28,1.0057,1.0152,1.0057,1.0152,1440552.0
1983-04-29,1.0152,1.0522,1.0152,1.0522,1541482.0
1983-05-02,1.0522,1.0522,1.024,1.0337,400661.0
1983-05-03,1.024,1.024,0.9868,1.0057,3190011.0
1983-05-04,1.0057,1.0708,0.9963,1.0522,2434566.0
1983-05-05,1.0708,1.1078,1.0708,1.1078,2676185.0
1983-05-06,1.1078,1.1169,1.0892,1.1169,4826306.0
1983-05-09,1.1169,1.1169,1.0892,1.0988,1492544.0
1983-05-10,1.0988,1.1078,1.0988,1.1078,1052122.0
1983-05-11,1.1078,1.1078,1.0799,1.0892,2893336.0
1983-05-12,1.0892,1.0892,1.0522,1.0613,994010.0
1983-05-13,1.0708,1.0708,1.0708,1.0708,1465018.0
1983-05-16,1.0708,1.0708,1.043,1.043,1565952.0
1983-05-17,1.0337,1.0337,1.0152,1.024,590289.0
1983-05-18,1.024,1.043,1.0057,1.0057,1452784.0
1983-05-19,1.0057,1.024,0.9963,1.0057,2764880.0
1983-05-20,1.0057,1.043,1.0057,1.0337,593346.0
1983-05-23,1.0337,1.0337,1.0057,1.0337,3474454.0
1983-05-24,1.0337,1.0799,1.0337,1.0708,4095327.0
1983-05-25,1.0708,1.1169,1.0337,1.1169,2856634.0
1983-05-26,1.1169,1.1169,1.0988,1.1169,1030715.0
1983-05-27,1.1169,1.1169,1.1078,1.1169,1315155.0
1983-05-31,1.1169,1.1169,1.1078,1.1078,400661.0
1983-06-01,1.0988,1.0988,1.0799,1.0988,1510899.0
1983-06-02,1.0988,1.1363,1.0988,1.1169,2321400.0
1983-06-03,1.1267,1.1544,1.1267,1.1544,2061425.0
1983-06-06,1.1638,1.1826,1.1638,1.1733,1309035.0
1983-06-07,1.1826,1.1915,1.1826,1.1826,1394671.0
1983-06-08,1.1826,1.2105,1.1826,1.1915,4202372.0
1983-06-09,1.201,1.2291,1.201,1.2196,1192815.0
1983-06-10,1.2291,1.3034,1.2291,1.2944,1590421.0
1983-06-13,1.2944,1.3406,1.2851,1.3406,1263157.0
1983-06-14,1.3406,1.35,1.2944,1.322,2088954.0
1983-06-15,1.3127,1.3127,1.2756,1.2944,1483370.0
1983-06-16,1.3034,1.3127,1.3034,1.3127,1137761.0
1983-06-17,1.3127,1.322,1.3034,1.3034,1030715.0
1983-06-20,1.3034,1.3034,1.2756,1.2851,605582.0
1983-06-21,1.2851,1.2944,1.2756,1.2851,1844274.0
1983-06-22,1.2851,1.2944,1.2756,1.2851,810504.0
1983-06-23,1.2851,1.3034,1.2756,1.2851,801326.0
1983-06-24,1.2851,1.2851,1.2756,1.2851,1293745.0
1983-06-27,1.2851,1.2851,1.2474,1.2474,617815.0
1983-06-28,1.2384,1.2384,1.1826,1.1826,1076591.0
1983-06-29,1.1826,1.2105,1.1826,1.2105,590289.0
1983-06-30,1.2105,1.2196,1.2105,1.2196,532175.0
1983-07-01,1.2196,1.2291,1.2105,1.2196,507708.0
1983-07-05,1.2196,1.2196,1.201,1.2105,559704.0
1983-07-06,1.2105,1.2291,1.2105,1.2291,932840.0
1983-07-07,1.2291,1.2474,1.2196,1.2384,776859.0
1983-07-08,1.2384,1.2474,1.2291,1.2291,1104115.0
1983-07-11,1.2291,1.2291,1.1826,1.1915,1238694.0
1983-07-12,1.1915,1.201,1.1915,1.1915,464890.0
1983-07-13,1.1915,1.1915,1.1733,1.1826,2511025.0
1983-07-14,1.1826,1.1915,1.1826,1.1826,1361031.0
1983-07-15,1.1826,1.1826,1.1638,1.1826,1201986.0
1983-07-18,1.1826,1.1915,1.1638,1.1733,2379508.0
1983-07-19,1.1733,1.1915,1.1733,1.1826,4260483.0
1983-07-20,1.1826,1.2291,1.1826,1.2291,3153308.0
1983-07-21,1.2291,1.3127,1.2291,1.3127,4486815.0
1983-07-22,1.322,1.3406,1.322,1.3406,2774054.0
1983-07-25,1.3406,1.35,1.322,1.3314,4520457.0
1983-07-26,1.3314,1.3406,1.3127,1.3127,2165416.0
1983-07-27,1.3127,1.3127,1.2568,1.2568,1137761.0
1983-07-28,1.2568,1.2568,1.2291,1.2291,1584301.0
1983-07-29,1.2196,1.2196,1.1826,1.2105,2841340.0
1983-08-01,1.1826,1.1826,1.1638,1.1638,2153179.0
1983-08-02,1.1638,1.1915,1.1453,1.1733,3098255.0
1983-08-03,1.1733,1.1733,1.1638,1.1733,538297.0
1983-08-04,1.1733,1.1733,1.1453,1.1638,2284696.0
1983-08-05,1.1638,1.1826,1.1638,1.1826,1189757.0
1983-08-08,1.1733,1.1733,1.1453,1.1453,2495733.0
1983-08-09,1.1453,1.1544,1.1267,1.1267,2755706.0
1983-08-10,1.1267,1.1453,1.1169,1.1453,409840.0
1983-08-11,1.1453,1.1453,1.1267,1.1363,1449729.0
1983-08-12,1.1363,1.1363,1.1267,1.1363,636168.0
1983-08-15,1.1363,1.1363,1.1169,1.1169,694278.0
1983-08-16,1.1078,1.1078,1.0799,1.0892,2067547.0
1983-08-17,1.0892,1.0892,1.0708,1.0799,1890150.0
1983-08-18,1.0799,1.0892,1.0613,1.0799,1700524.0
1983-08-19,1.0799,1.0799,1.0708,1.0799,2654774.0
1983-08-22,1.0799,1.0892,1.0708,1.0708,1755577.0
1983-08-23,1.0708,1.0708,1.0337,1.0337,2893336.0
1983-08-24,1.0337,1.0337,0.9684,0.9776,2978975.0
1983-08-25,0.9776,0.9868,0.9684,0.9684,3495864.0
1983-08-26,0.9684,1.024,0.9684,1.024,5095451.0
1983-08-29,1.024,1.024,1.0057,1.0152,464890.0
1983-08-30,1.024,1.0613,1.024,1.0522,3076846.0
1983-08-31,1.0522,1.1078,1.0522,1.0988,2330575.0
1983-09-01,1.1078,1.1453,1.1078,1.1453,3979103.0
1983-09-02,1.1453,1.1544,1.1363,1.1453,1168344.0
1983-09-06,1.1544,1.1733,1.1544,1.1638,1474194.0
1983-09-07,1.1638,1.1915,1.1638,1.1638,3242005.0
1983-09-08,1.1638,1.1915,1.1544,1.1915,3976046.0
1983-09-09,1.1915,1.2105,1.1915,1.1915,4688678.0
1983-09-12,1.1915,1.2105,1.1638,1.1733,899198.0
1983-09-13,1.1638,1.1638,1.1169,1.1363,905313.0
1983-09-14,1.1267,1.1267,1.1078,1.1078,483242.0
1983-09-15,1.1078,1.1078,1.0988,1.0988,226329.0
1983-09-16,1.0988,1.0988,1.0799,1.0799,559704.0
1983-09-19,1.0799,1.1078,1.0799,1.0988,1991080.0
1983-09-20,1.0988,1.1169,1.0892,1.1078,2611957.0
1983-09-21,1.0892,1.0892,1.0613,1.0613,2780173.0
1983-09-22,1.0613,1.0892,1.0613,1.0892,1085768.0
1983-09-23,1.0988,1.1169,1.0988,1.1169,2036959.0
1983-09-26,1.1169,1.1544,1.1078,1.1078,3290942.0
1983-09-27,1.0613,1.0613,1.0337,1.0613,5957952.0
1983-09-28,1.043,1.043,1.0152,1.0337,3771125.0
1983-09-29,1.043,1.0892,1.043,1.0708,1342680.0
1983-09-30,1.0708,1.0988,1.0613,1.0988,1428320.0
1983-10-03,1.0988,1.1078,1.0708,1.0799,1247862.0
1983-10-04,1.0799,1.0892,1.0708,1.0892,1501718.0
1983-10-05,1.0892,1.1078,1.0799,1.0892,4596919.0
1983-10-06,1.0892,1.0892,1.0613,1.0613,1266216.0
1983-10-07,1.0613,1.0708,1.0613,1.0613,2740413.0
1983-10-10,1.0613,1.0799,1.0613,1.0799,2630305.0
1983-10-11,1.0799,1.0799,1.0613,1.0613,2969803.0
1983-10-12,1.0613,1.0613,1.0522,1.0522,2575255.0
1983-10-13,1.0522,1.0522,1.024,1.0337,1235631.0
1983-10-14,1.0337,1.0337,1.024,1.0337,779916.0
1983-10-17,1.0337,1.043,1.024,1.043,1373266.0
1983-10-18,1.0337,1.0337,1.0152,1.024,1269277.0
1983-10-19,1.024,1.024,0.9963,1.0057,1841216.0
1983-10-20,1.0057,1.024,1.0057,1.0152,461833.0
1983-10-21,1.0152,1.043,0.9963,0.9963,1006245.0
1983-10-24,0.9684,0.9684,0.9497,0.9684,3449984.0
1983-10-25,0.9684,0.9684,0.9403,0.9593,2358103.0
1983-10-26,0.9593,0.9593,0.931,0.931,4780429.0
1983-10-27,0.931,0.931,0.9219,0.931,3529506.0
1983-10-28,0.931,0.9593,0.931,0.9497,7976559.0
1983-10-31,0.9497,0.9593,0.9403,0.9403,4052510.0
1983-11-01,0.9403,0.9497,0.931,0.9497,3593729.0
1983-11-02,0.9776,1.024,0.9776,0.9868,2452913.0
1983-11-03,0.9963,1.0337,0.9963,1.0152,1241748.0
1983-11-04,1.0152,1.024,1.0057,1.024,2153179.0
1983-11-07,1.024,1.0708,1.024,1.0613,2969803.0
1983-11-08,1.0613,1.0892,1.0613,1.0799,3789477.0
1983-11-09,1.0892,1.1169,1.0892,1.0892,4428705.0
1983-11-10,1.0892,1.1078,1.0799,1.0799,2663951.0
1983-11-11,1.0799,1.0799,1.0613,1.0613,1483370.0
1983-11-14,1.0613,1.0613,1.0522,1.0613,1431377.0
1983-11-15,1.0613,1.0613,1.0522,1.0613,220213.0
1983-11-16,1.0613,1.0613,1.0522,1.0613,1278453.0
1983-11-17,1.0613,1.0613,1.043,1.0613,859437.0
1983-11-18,1.0613,1.0892,1.0613,1.0892,1201986.0
1983-11-21,1.0892,1.0988,1.0708,1.0892,2052251.0
1983-11-22,1.0892,1.1169,1.0892,1.0892,2819932.0
1983-11-23,1.0892,1.0892,1.043,1.0522,4364474.0
1983-11-25,1.0337,1.0337,1.024,1.024,1272336.0
1983-11-28,0.9963,0.9963,0.9684,0.9868,3248127.0
1983-11-29,0.9868,0.9963,0.9776,0.9868,4110619.0
1983-11-30,0.9776,0.9776,0.9593,0.9684,2752648.0
1983-12-01,0.9684,0.9776,0.9593,0.9684,5982420.0
1983-12-02,0.9684,0.9776,0.9497,0.9593,7640125.0
1983-12-05,0.9593,0.9593,0.9219,0.9497,23061061.0
1983-12-06,0.9497,0.9776,0.9497,0.9684,7682945.0
1983-12-07,0.9868,1.043,0.9868,1.0337,6985606.0
1983-12-08,1.0337,1.0708,1.0337,1.0613,9511924.0
1983-12-09,1.0613,1.0613,1.0522,1.0522,1969669.0
1983-12-12,1.0522,1.0522,1.043,1.0522,819678.0
1983-12-13,1.0522,1.0708,1.043,1.043,2254112.0
1983-12-14,1.0522,1.0613,1.0522,1.0522,1003186.0
1983-12-15,1.0522,1.0522,1.0522,1.0522,908370.0
1983-12-16,1.0522,1.0522,1.0522,1.0522,1394671.0
1983-12-19,1.0522,1.0522,1.0522,1.0522,1483370.0
1983-12-20,1.0522,1.0708,1.0522,1.0708,1232574.0
1983-12-21,1.0708,1.0892,1.0708,1.0799,2630305.0
1983-12-22,1.0799,1.0892,1.043,1.0522,6175108.0
1983-12-23,1.0522,1.0613,1.043,1.0522,792148.0
1983-12-27,1.0522,1.0613,1.0522,1.0522,1639350.0
1983-12-28,1.0522,1.0522,1.043,1.0522,419014.0
1983-12-29,1.0522,1.0522,1.043,1.043,1312094.0
1983-12-30,1.043,1.0522,1.043,1.043,877787.0
1984-01-03,1.043,1.043,1.024,1.024,1305978.0
1984-01-04,1.024,1.024,1.0152,1.024,415954.0
1984-01-05,1.043,1.0522,1.043,1.0522,5765267.0
1984-01-06,1.0613,1.0799,1.0613,1.0613,5269790.0
1984-01-09,1.0613,1.0613,1.043,1.0522,1290687.0
1984-01-10,1.0522,1.0799,1.0522,1.0708,926727.0
1984-01-11,1.0708,1.0708,1.0522,1.0613,718747.0
1984-01-12,1.0613,1.0613,1.043,1.043,4547984.0
1984-01-13,1.043,1.0522,1.024,1.043,290555.0
1984-01-16,1.0522,1.0799,1.0522,1.0708,9505809.0
1984-01-17,1.0708,1.0799,1.0708,1.0799,406782.0
1984-01-18,1.0988,1.1169,1.0988,1.0988,6028295.0
1984-01-19,1.1078,1.1267,1.1078,1.1078,3147190.0
1984-01-20,1.1078,1.1169,1.0708,1.0708,7731879.0
1984-01-23,1.0708,1.0708,1.0613,1.0708,1235631.0
1984-01-24,1.0708,1.0708,1.0522,1.0522,3813945.0
1984-01-25,1.0522,1.0613,1.024,1.024,1241748.0
1984-01-26,0.9963,0.9963,0.9776,0.9963,3076846.0
1984-01-27,0.9963,1.0057,0.9776,0.9868,1969669.0
1984-01-30,0.9963,0.9963,0.9403,0.9403,1034996.0
1984-01-31,0.9403,0.9776,0.931,0.9776,4269660.0
1984-02-01,0.9776,1.0057,0.9593,0.9684,2003930.0
1984-02-02,0.9684,0.9684,0.9403,0.9593,2035737.0
1984-02-03,0.9593,0.9684,0.9403,0.9403,954250.0
1984-02-06,0.9403,0.9497,0.9029,0.9029,2801583.0
1984-02-07,0.9029,0.9029,0.8564,0.8843,5194552.0
1984-02-08,0.8843,0.8843,0.8193,0.8193,6038695.0
1984-02-09,0.8193,0.8471,0.8101,0.8286,4472743.0
1984-02-10,0.8381,0.8471,0.8381,0.8381,3484241.0
1984-02-13,0.8381,0.8471,0.8193,0.8286,1534143.0
1984-02-14,0.8286,0.8381,0.8286,0.8286,2505521.0
1984-02-15,0.8286,0.8471,0.8286,0.8286,2598498.0
1984-02-16,0.8286,0.8286,0.8008,0.8193,1105948.0
1984-02-17,0.8193,0.8193,0.7637,0.7728,1864461.0
1984-02-21,0.7728,0.782,0.7541,0.7637,1264992.0
1984-02-22,0.7637,0.7728,0.7448,0.7541,2268181.0
1984-02-23,0.7541,0.7916,0.7262,0.7541,4521680.0
1984-02-24,0.7541,0.8471,0.7541,0.8381,5192104.0
1984-02-27,0.8381,0.8564,0.8381,0.8471,2877434.0
1984-02-28,0.8381,0.8381,0.782,0.8008,1795950.0
1984-02-29,0.8008,0.8101,0.7637,0.782,3129453.0
1984-03-01,0.782,0.782,0.7637,0.7728,1685844.0
1984-03-02,0.7728,0.8101,0.7728,0.8101,4448277.0
1984-03-05,0.8101,0.8101,0.7916,0.7916,1083931.0
1984-03-06,0.7916,0.8008,0.782,0.7916,2290201.0
1984-03-07,0.7916,0.8008,0.7728,0.7728,3567427.0
1984-03-08,0.782,0.8008,0.782,0.7916,1064360.0
1984-03-09,0.7916,0.8008,0.782,0.8008,2348922.0
1984-03-12,0.8008,0.8193,0.8008,0.8193,3907535.0
1984-03-13,0.8193,0.8286,0.8101,0.8193,3621262.0
1984-03-14,0.8193,0.8564,0.8193,0.8471,4783491.0
1984-03-15,0.8753,0.894,0.8753,0.8753,2725729.0
1984-03-16,0.9029,0.931,0.9029,0.9125,5426995.0
1984-03-19,0.9125,0.9219,0.8659,0.8753,2265732.0
1984-03-20,0.8753,0.9219,0.8753,0.9219,893081.0
1984-03-21,0.9219,0.9403,0.9219,0.9219,3983387.0
1984-03-22,0.9219,0.931,0.9125,0.9125,626379.0
1984-03-23,0.9125,0.9125,0.8753,0.8753,2446799.0
1984-03-26,0.8753,0.8753,0.8659,0.8753,2248607.0
1984-03-27,0.8753,0.8753,0.8753,0.8753,1057017.0
1984-03-28,0.8753,0.9125,0.8753,0.9029,2936156.0
1984-03-29,0.9029,0.9219,0.8753,0.8843,4903383.0
1984-03-30,0.8843,0.8843,0.8753,0.8843,915102.0
1984-04-02,0.8843,0.894,0.8753,0.8843,415954.0
1984-04-03,0.8843,0.8843,0.8753,0.8843,1071699.0
1984-04-04,0.8843,0.894,0.8843,0.894,567657.0
1984-04-05,0.894,0.894,0.8659,0.8659,1490099.0
1984-04-06,0.8659,0.8659,0.8381,0.8381,2047970.0
1984-04-09,0.8381,0.8471,0.8101,0.8101,472232.0
1984-04-10,0.8101,0.8286,0.8101,0.8286,1409354.0
1984-04-11,0.8286,0.8381,0.8286,0.8381,1206272.0
1984-04-12,0.8381,0.8471,0.8101,0.8471,3971153.0
1984-04-13,0.8659,0.9125,0.8659,0.8753,2165416.0
1984-04-16,0.8753,0.8753,0.8564,0.8659,2025946.0
1984-04-17,0.8659,0.8659,0.8381,0.8471,3746044.0
1984-04-18,0.8381,0.8381,0.8286,0.8381,1817970.0
1984-04-19,0.8381,0.8381,0.8286,0.8381,4680723.0
1984-04-23,0.8381,0.8471,0.8381,0.8471,1798395.0
1984-04-24,0.8471,0.8564,0.8381,0.8471,3359455.0
1984-04-25,0.8659,0.8753,0.8659,0.8753,1135313.0
1984-04-26,0.8753,0.8843,0.8659,0.8843,1595313.0
1984-04-27,0.8843,0.9125,0.8843,0.9125,841700.0
1984-04-30,0.9125,0.931,0.9125,0.9219,2906792.0
1984-05-01,0.9219,0.9403,0.9219,0.9403,4617106.0
1984-05-02,0.9403,0.9403,0.9219,0.9219,5150507.0
1984-05-03,0.9219,0.9219,0.9125,0.9219,2074883.0
1984-05-04,0.9219,0.9219,0.9219,0.9219,1174467.0
1984-05-07,0.9219,0.9219,0.8843,0.894,2928818.0
1984-05-08,0.894,0.894,0.8753,0.894,915102.0
1984-05-09,0.894,0.9125,0.8753,0.8843,2916580.0
1984-05-10,0.8843,0.8843,0.8659,0.8753,2529988.0
1984-05-11,0.8753,0.8753,0.8564,0.8659,1333503.0
1984-05-14,0.8659,0.8659,0.8471,0.8564,1000741.0
1984-05-15,0.8564,0.8564,0.8381,0.8471,753613.0
1984-05-16,0.8471,0.8471,0.8193,0.8381,1712757.0
1984-05-17,0.8381,0.8381,0.8101,0.8286,1003186.0
1984-05-18,0.8286,0.8286,0.8008,0.8008,3312966.0
1984-05-21,0.8008,0.8101,0.8008,0.8101,2838282.0
1984-05-22,0.8008,0.8008,0.7916,0.8008,2417438.0
1984-05-23,0.8008,0.8286,0.8008,0.8193,3068280.0
1984-05-24,0.8193,0.8193,0.7728,0.7916,3100092.0
1984-05-25,0.7916,0.7916,0.782,0.7916,1732334.0
1984-05-29,0.7916,0.8008,0.782,0.7916,1260100.0
1984-05-30,0.7916,0.8193,0.7728,0.7916,3330091.0
1984-05-31,0.8008,0.8193,0.8008,0.8193,2182543.0
1984-06-01,0.8193,0.8564,0.8193,0.8564,1000741.0
1984-06-04,0.8659,0.894,0.8659,0.8843,875954.0
1984-06-05,0.8843,0.9029,0.8659,0.8843,2884770.0
1984-06-06,0.8843,0.894,0.8564,0.8659,2818712.0
1984-06-07,0.8564,0.8564,0.8193,0.8381,1428929.0
1984-06-08,0.8381,0.8471,0.8286,0.8381,210424.0
1984-06-11,0.8381,0.8381,0.8101,0.8101,849039.0
1984-06-12,0.7916,0.7916,0.7728,0.7916,2552008.0
1984-06-13,0.7916,0.7916,0.7728,0.7728,391485.0
1984-06-14,0.7728,0.7728,0.7637,0.7637,2233925.0
1984-06-15,0.7637,0.7728,0.7637,0.7728,1279675.0
1984-06-18,0.7728,0.8101,0.7728,0.8101,3232222.0
1984-06-19,0.8101,0.8286,0.8101,0.8193,3068280.0
1984-06-20,0.8193,0.8286,0.7916,0.8286,3251793.0
1984-06-21,0.8286,0.8286,0.8101,0.8101,1470527.0
1984-06-22,0.8101,0.8193,0.8101,0.8101,880846.0
1984-06-25,0.8101,0.8193,0.8101,0.8101,367018.0
1984-06-26,0.8101,0.8101,0.8008,0.8008,1991694.0
1984-06-27,0.8008,0.8101,0.8008,0.8008,2554456.0
1984-06-28,0.8008,0.8101,0.7916,0.7916,616591.0
1984-06-29,0.7916,0.8193,0.7916,0.8193,3202858.0
1984-07-02,0.8101,0.8101,0.7916,0.7916,665530.0
1984-07-03,0.782,0.782,0.7728,0.782,834355.0
1984-07-05,0.782,0.782,0.7728,0.782,283827.0
1984-07-06,0.782,0.782,0.7637,0.782,912653.0
1984-07-09,0.782,0.782,0.7541,0.7728,1561056.0
1984-07-10,0.782,0.7916,0.782,0.7916,1167120.0
1984-07-11,0.7916,0.7916,0.7637,0.7637,971378.0
1984-07-12,0.7637,0.7728,0.7541,0.7637,2111590.0
1984-07-13,0.7541,0.7541,0.7262,0.7355,660637.0
1984-07-16,0.7355,0.7448,0.7078,0.7078,1154892.0
1984-07-17,0.6984,0.6984,0.6702,0.6702,5926145.0
1984-07-18,0.6517,0.6517,0.6423,0.6517,10839309.0
1984-07-19,0.6517,0.6888,0.6331,0.6331,6366563.0
1984-07-20,0.6423,0.6517,0.6423,0.6517,1446057.0
1984-07-23,0.6517,0.6517,0.6238,0.6331,1954991.0
1984-07-24,0.6331,0.6331,0.5864,0.5959,5720608.0
1984-07-25,0.5959,0.6146,0.568,0.6146,6537841.0
1984-07-26,0.6146,0.6423,0.6146,0.6331,11174523.0
1984-07-27,0.6423,0.6888,0.6423,0.6888,5289974.0
1984-07-30,0.6888,0.6888,0.6702,0.6797,2375837.0
1984-07-31,0.6797,0.6888,0.6517,0.6702,3193071.0
1984-08-01,0.6702,0.7262,0.6702,0.717,8142941.0
1984-08-02,0.7262,0.7728,0.7262,0.7541,7364860.0
1984-08-03,0.7916,0.8659,0.7916,0.8381,13290999.0
1984-08-06,0.8381,0.8843,0.8381,0.8659,11279736.0
1984-08-07,0.8659,0.8659,0.8193,0.8564,6452199.0
1984-08-08,0.8008,0.8008,0.7448,0.782,8627409.0
1984-08-09,0.7728,0.7728,0.7541,0.7637,4869126.0
1984-08-10,0.782,0.8381,0.782,0.782,6628371.0
1984-08-13,0.782,0.782,0.7637,0.7728,393934.0
1984-08-14,0.7728,0.7916,0.7541,0.7541,883294.0
1984-08-15,0.7541,0.7728,0.7448,0.7728,2941051.0
1984-08-16,0.7728,0.8008,0.7637,0.782,2309775.0
1984-08-17,0.782,0.782,0.7728,0.782,484465.0
1984-08-20,0.782,0.782,0.7728,0.782,1235631.0
1984-08-21,0.782,0.8008,0.782,0.8008,4864232.0
1984-08-22,0.8008,0.8101,0.7728,0.782,4644022.0
1984-08-23,0.782,0.782,0.7637,0.7728,1076591.0
1984-08-24,0.7637,0.7637,0.7637,0.7637,1595313.0
1984-08-27,0.7637,0.7637,0.7262,0.7355,2348922.0
1984-08-28,0.7355,0.7355,0.7355,0.7355,1497442.0
1984-08-29,0.7355,0.7448,0.7355,0.7448,1727439.0
1984-08-30,0.7355,0.7355,0.7262,0.7262,374358.0
1984-08-31,0.7262,0.7355,0.7262,0.7355,447765.0
1984-09-04,0.7355,0.7355,0.7078,0.717,4472743.0
1984-09-05,0.717,0.7262,0.7078,0.7262,3479346.0
1984-09-06,0.7262,0.7448,0.7262,0.7448,1203824.0
1984-09-07,0.7448,0.7541,0.7355,0.7355,902868.0
1984-09-10,0.7355,0.7355,0.7262,0.7355,1181801.0
1984-09-11,0.7355,0.7448,0.7355,0.7355,890634.0
1984-09-12,0.7355,0.7448,0.7355,0.7355,1149995.0
1984-09-13,0.7355,0.7637,0.7355,0.7637,3601685.0
1984-09-14,0.7637,0.7637,0.7355,0.7355,1211163.0
1984-09-17,0.7355,0.7448,0.7355,0.7448,1915844.0
1984-09-18,0.7448,0.7541,0.7355,0.7355,552975.0
1984-09-19,0.7355,0.7541,0.717,0.717,1744567.0
1984-09-20,0.7355,0.7541,0.7355,0.7541,9427509.0
1984-09-21,0.7541,0.7637,0.7448,0.7448,5338912.0
1984-09-24,0.7448,0.7448,0.7262,0.7262,2248607.0
1984-09-25,0.7262,0.7262,0.717,0.7262,2953287.0
1984-09-26,0.7262,0.7448,0.7262,0.7355,3956469.0
1984-09-27,0.7448,0.7637,0.7448,0.7637,1832647.0
1984-09-28,0.7637,0.7637,0.7541,0.7637,888188.0
1984-10-01,0.7541,0.7541,0.7448,0.7448,1431377.0
1984-10-02,0.7448,0.7541,0.717,0.7262,1590421.0
1984-10-03,0.7262,0.7355,0.717,0.717,144361.0
1984-10-04,0.717,0.7262,0.6797,0.6888,1864461.0
1984-10-05,0.6888,0.6888,0.6702,0.6888,3234665.0
1984-10-08,0.6797,0.6797,0.6517,0.6609,1350632.0
1984-10-09,0.6609,0.6984,0.6609,0.6984,995847.0
1984-10-10,0.6984,0.6984,0.6888,0.6984,418404.0
1984-10-11,0.6984,0.6984,0.6984,0.6984,6885285.0
1984-10-12,0.6984,0.6984,0.6888,0.6984,1468077.0
1984-10-15,0.6984,0.6984,0.6702,0.6888,2985091.0
1984-10-16,0.6888,0.6984,0.6797,0.6797,4617106.0
1984-10-17,0.6888,0.7262,0.6888,0.6888,7489644.0
1984-10-18,0.7355,0.782,0.7355,0.7728,5040401.0
1984-10-19,0.7728,0.7916,0.7448,0.7541,5593378.0
1984-10-22,0.7541,0.7637,0.7448,0.7541,978717.0
1984-10-23,0.7637,0.782,0.7637,0.782,2735517.0
1984-10-24,0.782,0.782,0.7728,0.782,1954991.0
1984-10-25,0.782,0.782,0.7728,0.7728,2162970.0
1984-10-26,0.7728,0.7728,0.7637,0.7637,1847331.0
1984-10-29,0.7637,0.782,0.7637,0.7728,1387331.0
1984-10-30,0.7728,0.7916,0.7637,0.7916,1551268.0
1984-10-31,0.7916,0.8008,0.782,0.782,1230741.0
1984-11-01,0.782,0.7916,0.7728,0.7916,1152444.0
1984-11-02,0.7916,0.7916,0.7728,0.7916,1113294.0
1984-11-05,0.7916,0.8101,0.7916,0.8101,1825310.0
1984-11-06,0.8101,0.8381,0.8101,0.8286,2383177.0
1984-11-07,0.8286,0.8381,0.8101,0.8101,5691251.0
1984-11-08,0.8008,0.8008,0.7916,0.8008,584783.0
1984-11-09,0.8008,0.8193,0.782,0.782,609253.0
1984-11-12,0.782,0.782,0.7541,0.7637,2074883.0
1984-11-13,0.7541,0.7541,0.7448,0.7541,790318.0
1984-11-14,0.7541,0.7637,0.7541,0.7637,3312966.0
1984-11-15,0.7637,0.7728,0.7637,0.7728,1017867.0
1984-11-16,0.7728,0.782,0.7355,0.7448,7474963.0
1984-11-19,0.7448,0.7637,0.7448,0.7541,3692214.0
1984-11-20,0.7541,0.7637,0.7448,0.7448,1350632.0
1984-11-21,0.7448,0.7541,0.7262,0.7448,4817744.0
1984-11-23,0.7541,0.8008,0.7541,0.8008,4294128.0
1984-11-26,0.8008,0.8286,0.782,0.782,3988279.0
1984-11-27,0.782,0.8286,0.7728,0.8193,1844882.0
1984-11-28,0.8193,0.8286,0.8101,0.8101,1685844.0
1984-11-29,0.8008,0.8008,0.782,0.782,3401047.0
1984-11-30,0.782,0.7916,0.7728,0.782,883294.0
1984-12-03,0.782,0.7916,0.7728,0.7916,1081482.0
1984-12-04,0.7916,0.7916,0.7728,0.782,853931.0
1984-12-05,0.782,0.7916,0.7637,0.7728,839252.0
1984-12-06,0.7728,0.7728,0.7637,0.7728,944463.0
1984-12-07,0.7728,0.7916,0.7637,0.782,3053604.0
1984-12-10,0.7916,0.8008,0.7916,0.8008,499150.0
1984-12-11,0.8008,0.8193,0.8008,0.8008,1563505.0
1984-12-12,0.8193,0.8659,0.8193,0.8659,11644308.0
1984-12-13,0.8659,0.8659,0.8471,0.8471,1198932.0
1984-12-14,0.8471,0.8564,0.8471,0.8471,3927107.0
1984-12-17,0.8471,0.8564,0.8471,0.8471,883294.0
1984-12-18,0.8564,0.8843,0.8564,0.8753,4553489.0
1984-12-19,0.8843,0.894,0.8843,0.894,6449755.0
1984-12-20,0.894,0.9029,0.8753,0.8843,3579663.0
1984-12-21,0.8843,0.8843,0.8564,0.8843,1372652.0
1984-12-24,0.8843,0.8843,0.8659,0.8753,1059462.0
1984-12-26,0.8753,0.8843,0.8659,0.8843,305850.0
1984-12-27,0.8843,0.8843,0.8564,0.8564,548080.0
1984-12-28,0.8564,0.8753,0.8564,0.8659,650847.0
1984-12-31,0.8659,0.8659,0.8471,0.8471,2627861.0
1985-01-02,0.8471,0.8753,0.8471,0.8471,2214354.0
1985-01-03,0.8471,0.8564,0.8471,0.8471,1323715.0
1985-01-04,0.8471,0.8564,0.8381,0.8381,491807.0
1985-01-07,0.8381,0.8659,0.8381,0.8659,2537330.0
1985-01-08,0.8659,0.8659,0.8564,0.8659,741378.0
1985-01-09,0.8659,0.8843,0.8659,0.8843,1424033.0
1985-01-10,0.8843,0.8843,0.8659,0.8753,4964550.0
1985-01-11,0.8753,0.8843,0.8753,0.8843,4509449.0
1985-01-14,0.894,0.931,0.894,0.931,3897744.0
1985-01-15,0.931,0.9776,0.931,0.9593,3408390.0
1985-01-16,0.9593,0.9684,0.9497,0.9593,3988279.0
1985-01-17,0.9403,0.9403,0.8659,0.931,10315694.0
1985-01-18,0.9029,0.9029,0.8843,0.9029,6743374.0
1985-01-21,0.9029,0.9125,0.894,0.9029,5850292.0
1985-01-22,0.9125,0.931,0.9125,0.9219,3082964.0
1985-01-23,0.9219,0.931,0.9125,0.931,1453396.0
1985-01-24,0.931,0.931,0.8843,0.8843,3902641.0
1985-01-25,0.8843,0.931,0.8753,0.9219,3697110.0
1985-01-28,0.9219,0.9497,0.9219,0.9497,3721576.0
1985-01-29,0.9497,0.9593,0.931,0.9593,1649141.0
1985-01-30,0.9684,0.9868,0.9684,0.9868,5365825.0
1985-01-31,0.9776,0.9776,0.9593,0.9776,6919544.0
1985-02-01,0.9776,0.9776,0.9593,0.9684,1695628.0
1985-02-04,0.9684,0.9776,0.9593,0.9776,1306590.0
1985-02-05,0.9776,0.9868,0.9684,0.9776,1962331.0
1985-02-06,0.9776,0.9868,0.9593,0.9593,5691251.0
1985-02-07,0.9593,0.9963,0.9497,0.9963,3073177.0
1985-02-08,0.9963,1.0057,0.9868,0.9963,3264028.0
1985-02-11,0.9963,0.9963,0.9776,0.9868,3841473.0
1985-02-12,0.9868,0.9963,0.9684,0.9776,2703709.0
1985-02-13,0.9776,0.9963,0.9684,0.9963,2600947.0
1985-02-14,0.9963,1.0057,0.9776,0.9776,1260100.0
1985-02-15,0.9776,0.9776,0.9593,0.9684,4291681.0
1985-02-19,0.9684,0.9684,0.9497,0.9497,2016163.0
1985-02-20,0.9497,0.9684,0.9497,0.9593,8627409.0
1985-02-21,0.9593,0.9593,0.931,0.931,1252758.0
1985-02-22,0.931,0.931,0.931,0.931,1375101.0
1985-02-25,0.931,0.9403,0.931,0.9403,648400.0
1985-02-26,0.9403,0.9593,0.9403,0.9593,5823377.0
1985-02-27,0.9593,0.9593,0.9497,0.9593,1609992.0
1985-02-28,0.9593,0.9593,0.9497,0.9593,631273.0
1985-03-01,0.9593,0.9776,0.9593,0.9776,3941789.0
1985-03-04,0.9776,0.9868,0.9776,0.9776,1220951.0
1985-03-05,0.9776,0.9776,0.9593,0.9593,4350406.0
1985-03-06,0.9593,0.9684,0.9403,0.9403,1071699.0
1985-03-07,0.9403,0.9403,0.931,0.931,724253.0
1985-03-08,0.931,0.9403,0.931,0.931,2021053.0
1985-03-11,0.9593,0.9868,0.9593,0.9776,6148803.0
1985-03-12,0.9776,1.0057,0.9684,1.0057,7095713.0
1985-03-13,0.9963,0.9963,0.9684,0.9684,2410098.0
1985-03-14,0.9684,0.9684,0.9593,0.9684,2211908.0
1985-03-15,0.9684,0.9684,0.9593,0.9684,3383918.0
1985-03-18,0.9684,0.9684,0.9497,0.9593,2684137.0
1985-03-19,0.9497,0.9497,0.9125,0.9497,2936156.0
1985-03-20,0.9497,0.9497,0.931,0.931,638612.0
1985-03-21,0.931,0.931,0.9125,0.9125,636168.0
1985-03-22,0.9219,0.9403,0.9219,0.9219,858822.0
1985-03-25,0.9219,0.931,0.9125,0.9219,132125.0
1985-03-26,0.9219,0.9219,0.9125,0.9219,1186697.0
1985-03-27,0.9219,0.931,0.9219,0.931,1776375.0
1985-03-28,0.931,0.9497,0.931,0.9403,1844882.0
1985-03-29,0.9403,0.9497,0.9219,0.9497,743826.0
1985-04-01,0.9497,0.9497,0.931,0.9403,1049677.0
1985-04-02,0.9403,0.9403,0.9219,0.9219,1357974.0
1985-04-03,0.9219,0.931,0.9219,0.9219,599463.0
1985-04-04,0.9219,0.931,0.9219,0.931,2698817.0
1985-04-08,0.931,0.931,0.9125,0.931,3420623.0
1985-04-09,0.931,0.931,0.9125,0.931,719357.0
1985-04-10,0.931,0.931,0.9219,0.931,193294.0
1985-04-11,0.9219,0.9219,0.9029,0.9125,726699.0
1985-04-12,0.9125,0.9219,0.9125,0.9219,154147.0
1985-04-15,0.9219,0.9219,0.8843,0.9029,2008820.0
1985-04-16,0.9029,0.9219,0.9029,0.9029,445320.0
1985-04-17,0.9029,0.9125,0.894,0.894,4210937.0
1985-04-18,0.894,0.9125,0.894,0.9029,1030098.0
1985-04-19,0.9029,0.9029,0.894,0.9029,491807.0
1985-04-22,0.9029,0.9029,0.8381,0.8471,6572098.0
1985-04-23,0.8471,0.8471,0.8381,0.8471,4299022.0
1985-04-24,0.8471,0.8564,0.8381,0.8471,2698817.0
1985-04-25,0.8471,0.8471,0.8381,0.8471,2512860.0
1985-04-26,0.8471,0.8471,0.8193,0.8286,1964776.0
1985-04-29,0.8381,0.8564,0.8381,0.8471,2150731.0
1985-04-30,0.8471,0.8659,0.8471,0.8564,1225842.0
1985-05-01,0.8564,0.8659,0.8471,0.8564,667976.0
1985-05-02,0.8564,0.8753,0.8564,0.8753,2958177.0
1985-05-03,0.8753,0.931,0.8753,0.931,2684137.0
1985-05-06,0.931,0.931,0.9125,0.9125,3709346.0
1985-05-07,0.9125,0.9219,0.9125,0.9219,2373395.0
1985-05-08,0.9219,0.9219,0.9125,0.9219,3856150.0
1985-05-09,0.9219,0.9403,0.9219,0.9403,3694663.0
1985-05-10,0.9403,0.9593,0.9403,0.9403,4088597.0
1985-05-13,0.9403,0.9497,0.9403,0.9497,968931.0
1985-05-14,0.9497,0.9497,0.931,0.9403,565208.0
1985-05-15,0.9403,0.9497,0.9403,0.9403,1242970.0
1985-05-16,0.9403,0.9593,0.9403,0.9403,682657.0
1985-05-17,0.9403,0.9497,0.9403,0.9403,1071699.0
1985-05-20,0.9403,0.9684,0.9403,0.9684,2319564.0
1985-05-21,0.9684,0.9684,0.9497,0.9593,841700.0
1985-05-22,0.9593,0.9593,0.9403,0.9593,8588257.0
1985-05-23,0.9497,0.9497,0.9403,0.9403,298508.0
1985-05-24,0.9403,0.9593,0.9403,0.9593,2965515.0
1985-05-28,0.9593,0.9593,0.9497,0.9593,281382.0
1985-05-29,0.9593,0.9593,0.931,0.9403,5906571.0
1985-05-30,0.9403,0.9403,0.931,0.931,7746562.0
1985-05-31,0.931,0.9593,0.9219,0.9593,14741954.0
1985-06-03,0.9684,0.9868,0.9684,0.9776,1707866.0
1985-06-04,0.9776,1.0337,0.9776,1.0337,6873055.0
1985-06-05,1.043,1.0613,1.043,1.0522,7279221.0
1985-06-06,1.0522,1.0522,1.043,1.043,1756801.0
1985-06-07,1.043,1.0522,1.0337,1.043,1602650.0
1985-06-10,1.043,1.043,1.024,1.043,1793503.0
1985-06-11,1.043,1.0522,1.043,1.0522,1747011.0
1985-06-12,1.0522,1.0613,1.043,1.0613,3401047.0
1985-06-13,1.0613,1.0613,1.0337,1.043,2419880.0
1985-06-14,1.043,1.0522,1.0337,1.043,2662115.0
1985-06-17,1.043,1.0522,1.0337,1.043,4504551.0
1985-06-18,1.043,1.0522,1.043,1.043,4991468.0
1985-06-19,1.043,1.043,1.0152,1.024,2950836.0
1985-06-20,1.024,1.024,1.0152,1.024,2194775.0
1985-06-21,1.024,1.024,0.9963,1.0057,3342321.0
1985-06-24,1.0057,1.0152,1.0057,1.0152,849039.0
1985-06-25,1.0152,1.0337,1.0057,1.024,2539774.0
1985-06-26,1.024,1.0337,1.024,1.0337,3900195.0
1985-06-27,1.0337,1.043,1.024,1.043,2992433.0
1985-06-28,1.043,1.0708,1.043,1.0708,4822636.0
1985-07-01,1.0708,1.0892,1.0708,1.0799,1548824.0
1985-07-02,1.0799,1.0988,1.0799,1.0892,2449241.0
1985-07-03,1.0892,1.0988,1.0799,1.0799,3653070.0
1985-07-05,1.0892,1.1169,1.0892,1.1078,2618072.0
1985-07-08,1.1078,1.1169,1.0988,1.1169,2189882.0
1985-07-09,1.1169,1.1267,1.1078,1.1169,4042106.0
1985-07-10,1.1169,1.1169,1.0988,1.1169,5077105.0
1985-07-11,1.1169,1.1363,1.1078,1.1267,5742630.0
1985-07-12,1.1267,1.1733,1.1267,1.1733,5632524.0
1985-07-15,1.1733,1.1915,1.1638,1.1826,9248891.0
1985-07-16,1.1826,1.1915,1.1826,1.1915,6011779.0
1985-07-17,1.1915,1.201,1.1826,1.1915,2914138.0
1985-07-18,1.1826,1.1826,1.1544,1.1638,4316149.0
1985-07-19,1.1638,1.1826,1.1544,1.1733,3839025.0
1985-07-22,1.1733,1.1826,1.1363,1.1544,1123079.0
1985-07-23,1.1544,1.1733,1.1544,1.1638,5725504.0
1985-07-24,1.1638,1.1638,1.0988,1.1363,1923181.0
1985-07-25,1.1363,1.1544,1.1267,1.1363,2632753.0
1985-07-26,1.1363,1.1453,1.1169,1.1169,729143.0
1985-07-29,1.1169,1.1169,1.0522,1.0613,1514567.0
1985-07-30,1.0613,1.0708,1.043,1.0708,1333503.0
1985-07-31,1.0799,1.1169,1.0799,1.0988,1597758.0
1985-08-01,1.1169,1.1363,1.1169,1.1363,2664564.0
1985-08-02,1.1363,1.1363,1.1267,1.1363,1578185.0
1985-08-05,1.1363,1.1363,1.1267,1.1267,839252.0
1985-08-06,1.1267,1.1363,1.1169,1.1169,2040629.0
1985-08-07,1.1078,1.1078,1.0988,1.0988,2236373.0
1985-08-08,1.1078,1.1169,1.1078,1.1169,2018608.0
1985-08-09,1.1267,1.1453,1.1267,1.1363,3944238.0
1985-08-12,1.1363,1.1363,1.1169,1.1169,2348922.0
1985-08-13,1.1169,1.1267,1.1078,1.1267,858822.0
1985-08-14,1.1363,1.1453,1.1363,1.1363,2025946.0
1985-08-15,1.1363,1.1544,1.1169,1.1169,4215829.0
1985-08-16,1.1169,1.1267,1.0988,1.0988,2016163.0
1985-08-19,1.0988,1.1169,1.0988,1.1169,885741.0
1985-08-20,1.1169,1.1267,1.1169,1.1267,1216058.0
1985-08-21,1.1267,1.1544,1.1169,1.1544,3865935.0
1985-08-22,1.1544,1.1733,1.1363,1.1363,3601685.0
1985-08-23,1.1267,1.1267,1.0988,1.1078,834355.0
1985-08-26,1.1078,1.1169,1.0613,1.0892,814783.0
1985-08-27,1.0892,1.0892,1.0708,1.0708,3261579.0
1985-08-28,1.0708,1.0892,1.0708,1.0799,9540060.0
1985-08-29,1.0799,1.0799,1.0708,1.0708,298508.0
1985-08-30,1.0799,1.0892,1.0799,1.0799,1700524.0
1985-09-03,1.0799,1.0799,1.0613,1.0613,4553489.0
1985-09-04,1.0522,1.0522,1.0152,1.0152,2302437.0
1985-09-05,1.0152,1.0152,0.9963,1.0057,1279675.0
1985-09-06,1.0152,1.0522,1.0152,1.024,1370208.0
1985-09-09,1.0152,1.0152,0.9963,1.0057,4751682.0
1985-09-10,1.0057,1.0057,0.9868,0.9963,2571583.0
1985-09-11,0.9963,1.0057,0.9963,0.9963,393934.0
1985-09-12,0.9776,0.9776,0.9684,0.9684,4989018.0
1985-09-13,0.9684,0.9684,0.9029,0.9403,5935928.0
1985-09-16,0.9403,0.9497,0.931,0.931,5059975.0
1985-09-17,0.931,0.9403,0.9125,0.931,4433597.0
1985-09-18,0.931,0.9403,0.9125,0.9403,4507002.0
1985-09-19,0.9403,0.9684,0.9403,0.9593,3594344.0
1985-09-20,0.9593,0.9868,0.9497,0.9868,3768065.0
1985-09-23,0.9868,0.9963,0.9684,0.9776,1504782.0
1985-09-24,0.9776,0.9776,0.9497,0.9497,518721.0
1985-09-25,0.9497,0.9593,0.931,0.9403,4002958.0
1985-09-26,0.9403,0.9403,0.9219,0.9403,1076591.0
1985-09-30,0.9403,0.9403,0.894,0.894,1724992.0
1985-10-01,0.894,0.931,0.894,0.931,2392970.0
1985-10-02,0.931,0.9403,0.9029,0.9125,1864461.0
1985-10-03,0.9125,0.9219,0.894,0.9219,3139241.0
1985-10-04,0.9125,0.9125,0.9029,0.9125,2439457.0
1985-10-07,0.9125,0.9125,0.9029,0.9029,672869.0
1985-10-08,0.9125,0.931,0.9125,0.931,1546378.0
1985-10-09,0.931,0.9403,0.9219,0.9403,565208.0
1985-10-10,0.9403,0.9593,0.931,0.9403,450212.0
1985-10-11,0.9403,0.9684,0.9403,0.9593,2018608.0
1985-10-14,0.9593,0.9684,0.9403,0.9684,1255208.0
1985-10-15,0.9684,0.9684,0.9219,0.931,2625416.0
1985-10-16,0.931,0.931,0.9125,0.931,2657220.0
1985-10-17,0.931,0.931,0.931,0.931,2238818.0
1985-10-18,0.931,0.931,0.9125,0.931,1468077.0
1985-10-21,0.9219,0.9219,0.9125,0.9219,1409354.0
1985-10-22,0.9219,0.9403,0.9125,0.9219,7078581.0
1985-10-23,0.9219,0.931,0.9125,0.9125,2358711.0
1985-10-24,0.9125,0.9125,0.9029,0.9125,917553.0
1985-10-25,0.9029,0.9029,0.8843,0.8843,3244447.0
1985-10-28,0.8843,0.894,0.8753,0.894,697339.0
1985-10-29,0.894,0.9403,0.894,0.9219,7379542.0
1985-10-30,0.9219,0.931,0.9029,0.931,6207523.0
1985-10-31,0.931,0.9403,0.9125,0.9403,3494030.0
1985-11-01,0.9403,0.9684,0.9403,0.9684,5803805.0
1985-11-04,0.9684,0.9963,0.9684,0.9868,8223685.0
1985-11-05,0.9868,1.0057,0.9868,1.0057,6865715.0
1985-11-06,1.0057,1.0057,0.9963,0.9963,4286787.0
1985-11-07,0.9963,1.024,0.9963,1.0057,2092016.0
1985-11-08,1.0152,1.043,1.0152,1.0337,4274555.0
1985-11-11,1.0337,1.043,1.0057,1.0337,2955734.0
1985-11-12,1.0337,1.043,1.024,1.043,4281895.0
1985-11-13,1.0337,1.0337,1.0152,1.0152,2194775.0
1985-11-14,1.0152,1.024,1.0152,1.0152,871062.0
1985-11-15,1.0152,1.0337,1.0057,1.0057,927334.0
1985-11-18,1.0057,1.024,0.9963,1.0057,3026687.0
1985-11-19,1.0057,1.024,1.0057,1.0152,1091272.0
1985-11-20,1.0152,1.0522,0.9963,1.043,4913166.0
1985-11-21,1.043,1.0708,1.043,1.0708,7626668.0
1985-11-22,1.0708,1.0799,1.043,1.0799,5424551.0
1985-11-25,1.0799,1.0799,1.043,1.0522,6046034.0
1985-11-26,1.0522,1.0613,1.0522,1.0613,2414987.0
1985-11-27,1.0613,1.0892,1.0522,1.0799,9674640.0
1985-11-29,1.0799,1.1078,1.0708,1.1078,2989983.0
1985-12-02,1.1078,1.1078,1.0799,1.0988,1974563.0
1985-12-03,1.0988,1.1169,1.0988,1.1078,5449019.0
1985-12-04,1.1078,1.1267,1.1078,1.1267,6895073.0
1985-12-05,1.1267,1.1267,1.0988,1.1169,4741890.0
1985-12-06,1.1078,1.1078,1.0708,1.0799,2033285.0
1985-12-09,1.0988,1.1267,1.0988,1.0988,14607378.0
1985-12-10,1.1078,1.1363,1.1078,1.1169,3826788.0
1985-12-11,1.1267,1.1453,1.1267,1.1453,7355075.0
1985-12-12,1.1453,1.1453,1.1267,1.1267,3410836.0
1985-12-13,1.1267,1.1363,1.1267,1.1363,2116483.0
1985-12-16,1.1363,1.1453,1.1363,1.1453,5693696.0
1985-12-17,1.1363,1.1363,1.1078,1.1078,2728183.0
1985-12-18,1.1078,1.1078,1.0708,1.0708,7499432.0
1985-12-19,1.0708,1.0892,1.0522,1.0613,1568399.0
1985-12-20,1.0613,1.0799,1.0522,1.0708,1389782.0
1985-12-23,1.0708,1.0708,1.0337,1.043,3053604.0
1985-12-24,1.043,1.0613,1.0337,1.0613,491807.0
1985-12-26,1.0613,1.0613,1.0337,1.043,2684137.0
1985-12-27,1.043,1.0613,1.0337,1.0613,310741.0
1985-12-30,1.0613,1.0799,1.0522,1.0522,2427221.0
1985-12-31,1.0522,1.0522,1.024,1.043,3709346.0
1986-01-02,1.0337,1.0337,1.0057,1.0057,3520945.0
1986-01-03,1.0057,1.0152,0.9963,1.0057,8974852.0
1986-01-06,1.0057,1.0152,0.9868,0.9963,1737223.0
1986-01-07,0.9963,1.0337,0.9963,1.0152,2527541.0
1986-01-08,1.0152,1.0522,1.0152,1.024,5884546.0
1986-01-09,1.024,1.024,0.9593,0.9963,4746787.0
1986-01-10,0.9963,0.9963,0.9684,0.9684,3817005.0
1986-01-13,0.9684,0.9776,0.9593,0.9684,2211908.0
1986-01-14,0.9684,0.9868,0.9684,0.9684,5497950.0
1986-01-15,0.9776,1.0057,0.9776,1.0057,1881587.0
1986-01-16,1.0057,1.0337,0.9684,1.024,6288269.0
1986-01-17,1.024,1.0522,1.0057,1.0057,3036476.0
1986-01-20,1.0057,1.0337,1.0057,1.0337,1020316.0
1986-01-21,1.0337,1.0613,1.024,1.0337,5211676.0
1986-01-22,1.024,1.024,1.0152,1.024,3352112.0
1986-01-23,1.024,1.024,0.9963,1.024,2728183.0
1986-01-24,1.0337,1.0613,1.0337,1.043,5314442.0
1986-01-27,1.0522,1.0613,1.0522,1.0522,4325938.0
1986-01-28,1.0522,1.0708,0.9497,0.9497,25517643.0
1986-01-29,0.9497,0.9497,0.8843,0.9029,25688923.0
1986-01-30,0.9125,0.9593,0.9125,0.931,29466779.0
1986-01-31,0.931,0.9497,0.9219,0.931,8470809.0
1986-02-03,0.9403,0.9593,0.9403,0.9497,3542961.0
1986-02-04,0.9497,0.9684,0.931,0.9403,5285080.0
1986-02-05,0.931,0.931,0.894,0.9029,18784064.0
1986-02-06,0.8381,0.8381,0.7728,0.7916,48084455.0
1986-02-07,0.7916,0.8471,0.782,0.8381,19229378.0
1986-02-10,0.8564,0.8753,0.8564,0.8659,10971437.0
1986-02-11,0.8659,0.8753,0.8471,0.8564,6006886.0
1986-02-12,0.8564,0.8753,0.8564,0.8659,5187208.0
1986-02-13,0.8659,0.8843,0.8659,0.8843,5691251.0
1986-02-14,0.8843,0.8843,0.8659,0.8753,1952544.0
1986-02-18,0.8753,0.8753,0.8564,0.8659,6024012.0
1986-02-19,0.8564,0.8564,0.8381,0.8381,3352112.0
1986-02-20,0.8286,0.8286,0.782,0.8286,11221013.0
1986-02-21,0.8286,0.8381,0.8008,0.8008,11727497.0
1986-02-24,0.8101,0.8381,0.8101,0.8381,10234953.0
1986-02-25,0.8381,0.8659,0.8286,0.8564,10878459.0
1986-02-26,0.8564,0.8843,0.8564,0.8843,7930069.0
1986-02-27,0.8843,0.894,0.8659,0.8753,3100092.0
1986-02-28,0.8753,0.894,0.8753,0.8753,7908049.0
1986-03-03,0.8753,0.8843,0.8659,0.8659,8098896.0
1986-03-04,0.8659,0.8843,0.8659,0.8659,2238818.0
1986-03-05,0.8659,0.8843,0.8471,0.8753,4088597.0
1986-03-06,0.8843,0.9125,0.8843,0.9029,8409640.0
1986-03-07,0.9029,0.9125,0.8753,0.8843,3271368.0
1986-03-10,0.8843,0.894,0.8753,0.8753,1443607.0
1986-03-11,0.8753,0.8843,0.8286,0.8286,3719133.0
1986-03-12,0.8286,0.8659,0.8193,0.8564,6951351.0
1986-03-13,0.8564,0.8564,0.8471,0.8471,1509675.0
1986-03-14,0.8471,0.8564,0.8286,0.8471,4839766.0
1986-03-17,0.8381,0.8381,0.8193,0.8286,3134349.0
1986-03-18,0.8286,0.8381,0.8101,0.8101,4404234.0
1986-03-19,0.8101,0.8286,0.8008,0.8101,10367081.0
1986-03-20,0.8101,0.8101,0.7916,0.8101,4839766.0
1986-03-21,0.8101,0.8381,0.8101,0.8286,11132927.0
1986-03-24,0.8286,0.8471,0.8101,0.8286,2258393.0
1986-03-25,0.8193,0.8193,0.8101,0.8101,2013712.0
1986-03-26,0.8193,0.8381,0.8193,0.8286,3161264.0
1986-03-27,0.8286,0.8471,0.8286,0.8381,5351146.0
1986-03-31,0.8381,0.8471,0.8286,0.8381,4311254.0
1986-04-01,0.8381,0.8471,0.8193,0.8286,3430410.0
1986-04-02,0.8286,0.8286,0.8101,0.8193,6224655.0
1986-04-03,0.8193,0.8381,0.8193,0.8286,3873280.0
1986-04-04,0.8286,0.8381,0.8193,0.8193,2111590.0
1986-04-07,0.8193,0.8193,0.8101,0.8193,2794242.0
1986-04-08,0.8193,0.8286,0.8101,0.8193,3051155.0
1986-04-09,0.8193,0.8193,0.8008,0.8101,3528282.0
1986-04-10,0.8101,0.8101,0.7916,0.8008,4991468.0
1986-04-11,0.8008,0.8193,0.7916,0.8101,12038243.0
1986-04-14,0.8101,0.8193,0.7916,0.8008,4516787.0
1986-04-15,0.8008,0.8008,0.7916,0.8008,4294128.0
1986-04-16,0.8101,0.8286,0.8101,0.8286,8695917.0
1986-04-17,0.8286,0.8381,0.8101,0.8101,5170082.0
1986-04-18,0.8101,0.8286,0.8008,0.8008,6992945.0
1986-04-21,0.8008,0.8101,0.7541,0.8101,5955505.0
1986-04-22,0.8193,0.8381,0.8193,0.8286,3219982.0
1986-04-23,0.8286,0.8659,0.8193,0.8193,2989983.0
1986-04-24,0.8193,0.8286,0.8101,0.8101,2911686.0
1986-04-25,0.8101,0.8193,0.8008,0.8101,3459770.0
1986-04-28,0.8101,0.8101,0.8008,0.8101,2676791.0
1986-04-29,0.8101,0.8286,0.8008,0.8008,4568171.0
1986-04-30,0.8008,0.8101,0.782,0.782,1707866.0
1986-05-01,0.782,0.7916,0.7637,0.7728,7516559.0
1986-05-02,0.7728,0.7728,0.7637,0.7637,2341585.0
1986-05-05,0.7637,0.7637,0.7448,0.7541,5057530.0
1986-05-06,0.7541,0.7637,0.7448,0.7541,2676791.0
1986-05-07,0.7541,0.7637,0.7541,0.7637,1287013.0
1986-05-08,0.7637,0.7637,0.7541,0.7541,1668716.0
1986-05-09,0.7541,0.7637,0.7541,0.7541,1737223.0
1986-05-12,0.7541,0.7637,0.7541,0.7637,1524355.0
1986-05-13,0.7637,0.7728,0.7541,0.7637,2613179.0
1986-05-14,0.7637,0.7728,0.7541,0.7637,1512119.0
1986-05-15,0.7637,0.7637,0.7448,0.7448,13129509.0
1986-05-16,0.7448,0.7541,0.7078,0.7262,9420166.0
1986-05-19,0.7262,0.7448,0.7262,0.7448,4418910.0
1986-05-20,0.7448,0.7637,0.7355,0.7541,14115574.0
1986-05-21,0.7541,0.7637,0.7541,0.7541,3472002.0
1986-05-22,0.7728,0.8381,0.7728,0.8381,16895133.0
1986-05-23,0.8564,0.8753,0.8564,0.8659,11064417.0
1986-05-27,0.8659,0.8659,0.8193,0.8286,6603902.0
1986-05-28,0.8381,0.8564,0.8381,0.8471,3682429.0
1986-05-29,0.8471,0.8564,0.8381,0.8471,1470527.0
1986-05-30,0.8471,0.8471,0.8381,0.8471,1935413.0
1986-06-02,0.8471,0.8471,0.8286,0.8381,3643279.0
1986-06-03,0.8381,0.8381,0.8286,0.8381,4152215.0
1986-06-04,0.8381,0.8471,0.8286,0.8381,4294128.0
1986-06-05,0.8381,0.8381,0.8286,0.8381,1844882.0
1986-06-06,0.8381,0.8471,0.8193,0.8286,1742117.0
1986-06-09,0.8193,0.8193,0.8008,0.8008,2069989.0
1986-06-10,0.8008,0.8101,0.7916,0.8008,2637645.0
1986-06-11,0.7916,0.7916,0.7637,0.782,3166157.0
1986-06-12,0.782,0.8101,0.7728,0.8101,4700297.0
1986-06-13,0.8101,0.8381,0.8008,0.8286,6006886.0
1986-06-16,0.8286,0.8381,0.8193,0.8193,2877434.0
1986-06-17,0.8193,0.8286,0.8101,0.8101,1548824.0
1986-06-18,0.8101,0.8193,0.8008,0.8193,1061910.0
1986-06-19,0.8101,0.8101,0.8008,0.8008,1722544.0
1986-06-20,0.8008,0.8008,0.7916,0.7916,1490099.0
1986-06-23,0.7916,0.8286,0.782,0.8286,3195516.0
1986-06-24,0.8286,0.8471,0.8286,0.8286,3985829.0
1986-06-25,0.8286,0.8286,0.7916,0.7916,4541260.0
1986-06-26,0.7916,0.7916,0.7728,0.7916,4986573.0
1986-06-27,0.7916,0.7916,0.782,0.7916,1223399.0
1986-06-30,0.8008,0.8286,0.8008,0.8101,2099353.0
1986-07-01,0.8101,0.8193,0.8008,0.8008,2923925.0
1986-07-02,0.8008,0.8008,0.782,0.7916,3511155.0
1986-07-03,0.7916,0.8101,0.782,0.8101,910206.0
1986-07-07,0.8101,0.8193,0.7916,0.7916,3337431.0
1986-07-08,0.7916,0.8008,0.782,0.7916,3552749.0
1986-07-09,0.7916,0.8008,0.7916,0.8008,1142653.0
1986-07-10,0.8008,0.8008,0.7916,0.8008,2065098.0
1986-07-11,0.8008,0.8008,0.7916,0.8008,3594344.0
1986-07-14,0.8008,0.8008,0.782,0.7916,2476161.0
1986-07-15,0.7916,0.7916,0.7637,0.7728,2703709.0
1986-07-16,0.7728,0.782,0.7541,0.7541,1979459.0
1986-07-17,0.7541,0.7637,0.7355,0.7637,4944977.0
1986-07-18,0.7637,0.7728,0.7637,0.7637,1720097.0
1986-07-21,0.7637,0.7728,0.7355,0.7728,1323715.0
1986-07-22,0.7728,0.7916,0.7728,0.782,2644986.0
1986-07-23,0.782,0.782,0.7637,0.782,1174467.0
1986-07-24,0.782,0.782,0.7355,0.7541,2439457.0
1986-07-25,0.7541,0.7637,0.7448,0.7637,2534879.0
1986-07-28,0.7728,0.8008,0.7728,0.782,2583815.0
1986-07-29,0.782,0.8008,0.7728,0.7728,10438036.0
1986-07-30,0.7728,0.782,0.7637,0.782,5299763.0
1986-07-31,0.782,0.782,0.7728,0.782,4095936.0
1986-08-01,0.782,0.782,0.7728,0.782,2052860.0
1986-08-04,0.782,0.782,0.7541,0.7637,3222430.0
1986-08-05,0.7637,0.782,0.7637,0.7637,3677535.0
1986-08-06,0.7637,0.782,0.7637,0.782,3224878.0
1986-08-07,0.782,0.8008,0.782,0.8008,2789350.0
1986-08-08,0.8008,0.8381,0.7916,0.8286,4962105.0
1986-08-11,0.8286,0.8564,0.8286,0.8471,11088885.0
1986-08-12,0.8471,0.8471,0.8193,0.8193,3919769.0
1986-08-13,0.8286,0.8659,0.8286,0.8471,11896324.0
1986-08-14,0.8471,0.8564,0.8381,0.8471,3104987.0
1986-08-15,0.8471,0.8564,0.8381,0.8471,5353592.0
1986-08-18,0.8471,0.8564,0.8381,0.8471,2101795.0
1986-08-19,0.8471,0.8564,0.8286,0.8286,5412316.0
1986-08-20,0.8286,0.8471,0.8193,0.8381,1906056.0
1986-08-21,0.8471,0.8753,0.8471,0.8753,3782750.0
1986-08-22,0.8753,0.8843,0.8564,0.8843,3520945.0
1986-08-25,0.8843,0.894,0.8753,0.8843,5855187.0
1986-08-26,0.8843,0.894,0.8843,0.8843,4719872.0
1986-08-27,0.8843,0.894,0.8753,0.8753,3087859.0
1986-08-28,0.8753,0.8753,0.8659,0.8753,2207008.0
1986-08-29,0.8753,0.8753,0.8471,0.8564,5556679.0
1986-09-02,0.8564,0.8659,0.8471,0.8564,2600947.0
1986-09-03,0.8564,0.8564,0.8471,0.8564,2845626.0
1986-09-04,0.8564,0.8753,0.8564,0.8753,7408900.0
1986-09-05,0.8753,0.8753,0.8471,0.8564,1932969.0
1986-09-08,0.8564,0.8659,0.8471,0.8471,4800618.0
1986-09-09,0.8471,0.8564,0.8471,0.8471,2904348.0
1986-09-10,0.8471,0.8564,0.8471,0.8564,1852227.0
1986-09-11,0.8564,0.8564,0.8101,0.8101,5860077.0
1986-09-12,0.8101,0.8193,0.8008,0.8101,6875500.0
1986-09-15,0.8101,0.8193,0.8008,0.8101,3516047.0
1986-09-16,0.8101,0.8193,0.8008,0.8193,3136791.0
1986-09-17,0.8286,0.8753,0.8286,0.8659,13278767.0
1986-09-18,0.8659,0.8753,0.8564,0.8659,4521680.0
1986-09-19,0.8753,0.894,0.8753,0.8843,8859849.0
1986-09-22,0.8843,0.9219,0.8843,0.9125,6280928.0
1986-09-23,0.9125,0.9219,0.894,0.9219,6178163.0
1986-09-24,0.9219,0.931,0.9029,0.9029,5561569.0
1986-09-25,0.9029,0.9125,0.894,0.894,959143.0
1986-09-26,0.894,0.894,0.8843,0.8843,5062427.0
1986-09-29,0.8843,0.8843,0.8659,0.8843,3809663.0
1986-09-30,0.8843,0.9125,0.8753,0.9125,3295833.0
1986-10-01,0.9125,0.9497,0.9125,0.9219,10061228.0
1986-10-02,0.931,0.9497,0.931,0.9403,7428477.0
1986-10-03,0.9403,0.9497,0.9219,0.931,3963810.0
1986-10-06,0.931,0.9403,0.9125,0.931,1164676.0
1986-10-07,0.9219,0.9219,0.9029,0.9029,2211908.0
1986-10-08,0.9029,0.9497,0.9029,0.9403,5174971.0
1986-10-09,0.9403,0.9403,0.9219,0.9219,7714751.0
1986-10-10,0.9219,0.931,0.9219,0.931,1392227.0
1986-10-13,0.931,0.931,0.9125,0.931,1044784.0
1986-10-14,0.931,0.9593,0.931,0.9497,6391034.0
1986-10-15,0.9497,0.9776,0.9497,0.9684,11844944.0
1986-10-16,0.9684,0.9868,0.9684,0.9684,13320359.0
1986-10-17,0.9684,0.9776,0.9684,0.9684,3731367.0
1986-10-20,0.9593,0.9593,0.9403,0.9497,2016163.0
1986-10-21,0.9497,0.9684,0.9403,0.9497,3144133.0
1986-10-22,0.9593,0.9868,0.9593,0.9776,5759761.0
1986-10-23,0.9776,0.9776,0.9684,0.9684,2777118.0
1986-10-24,0.9684,0.9963,0.9684,0.9684,6476673.0
1986-10-27,0.9684,1.0057,0.9684,1.0057,3175941.0
1986-10-28,1.0057,1.0152,0.9868,0.9963,6158587.0
1986-10-29,0.9963,1.0057,0.9868,1.0057,3376580.0
1986-10-30,1.0057,1.0152,0.9593,0.9593,12356324.0
1986-10-31,0.9593,0.9593,0.9029,0.9125,6554966.0
1986-11-03,0.9125,0.9219,0.9125,0.9125,1994134.0
1986-11-04,0.9125,0.9219,0.9029,0.9029,4886251.0
1986-11-05,0.9029,0.9125,0.894,0.9029,3467114.0
1986-11-06,0.9029,0.9125,0.894,0.9125,1477864.0
1986-11-07,0.9125,0.9125,0.9029,0.9125,858822.0
1986-11-10,0.9125,0.931,0.9029,0.931,3264028.0
1986-11-11,0.9219,0.9219,0.8843,0.9219,3322749.0
1986-11-12,0.9219,0.9219,0.9029,0.9125,1140209.0
1986-11-13,0.9029,0.9029,0.894,0.9029,1702970.0
1986-11-14,0.9029,0.9125,0.8843,0.9125,1989243.0
1986-11-17,0.9125,0.9125,0.894,0.894,540741.0
1986-11-18,0.894,0.894,0.8659,0.8659,5140721.0
1986-11-19,0.8753,0.894,0.8753,0.894,3325197.0
1986-11-20,0.894,0.894,0.8753,0.8843,5576250.0
1986-11-21,0.8843,0.894,0.8753,0.894,3381475.0
1986-11-24,0.894,0.9029,0.8843,0.894,2835835.0
1986-11-25,0.894,0.894,0.8753,0.894,1309035.0
1986-11-26,0.894,0.894,0.8753,0.894,1005633.0
1986-11-28,0.894,0.894,0.8753,0.8753,1335955.0
1986-12-01,0.8753,0.894,0.8753,0.8753,3364347.0
1986-12-02,0.8753,0.894,0.8659,0.894,4191363.0
1986-12-03,0.894,0.9125,0.8843,0.894,5226358.0
1986-12-04,0.894,0.9029,0.894,0.9029,6488909.0
1986-12-05,0.9029,0.9029,0.894,0.894,3410836.0
1986-12-08,0.894,0.894,0.8843,0.894,2958177.0
1986-12-09,0.894,0.894,0.8753,0.8843,2204561.0
1986-12-10,0.8843,0.8843,0.8753,0.8843,3755836.0
1986-12-11,0.8843,0.8843,0.8753,0.8753,2317118.0
1986-12-12,0.8753,0.8753,0.8659,0.8659,2388073.0
1986-12-15,0.8564,0.8564,0.8193,0.8381,6518268.0
1986-12-16,0.8381,0.8471,0.8286,0.8286,2285305.0
1986-12-17,0.8286,0.8381,0.8193,0.8193,1859564.0
1986-12-18,0.8193,0.8286,0.8008,0.8193,3080515.0
1986-12-19,0.8193,0.8193,0.8008,0.8101,3457328.0
1986-12-22,0.8101,0.8193,0.7916,0.8008,3244447.0
1986-12-23,0.8008,0.8193,0.8008,0.8008,12424836.0
1986-12-24,0.8008,0.8193,0.8008,0.8008,2348922.0
1986-12-26,0.8008,0.8193,0.7916,0.8008,1771480.0
1986-12-29,0.7916,0.7916,0.782,0.782,1424033.0
1986-12-30,0.782,0.8193,0.7728,0.8101,2329348.0
1986-12-31,0.8101,0.8193,0.8008,0.8008,2378288.0
1987-01-02,0.8008,0.8193,0.8008,0.8193,1866905.0
1987-01-05,0.8193,0.8381,0.8193,0.8381,1218504.0
1987-01-06,0.8381,0.8564,0.8286,0.8564,2982645.0
1987-01-07,0.8564,0.8564,0.8471,0.8564,3998068.0
1987-01-08,0.8471,0.8659,0.8381,0.8659,2392970.0
1987-01-09,0.8564,0.8659,0.8564,0.8564,1651587.0
1987-01-12,0.8659,0.8659,0.8564,0.8564,2865198.0
1987-01-13,0.8659,0.8659,0.8381,0.8471,2162970.0
1987-01-14,0.8381,0.894,0.8381,0.894,9774953.0
1987-01-15,0.894,0.9497,0.8753,0.9403,7012520.0
1987-01-16,0.9403,0.9403,0.9219,0.931,2069989.0
1987-01-19,0.9219,0.9684,0.9219,0.9403,1979459.0
1987-01-20,0.9403,0.9403,0.9029,0.9219,2755096.0
1987-01-21,0.9219,0.931,0.9029,0.9219,3090303.0
1987-01-22,0.9219,0.9403,0.9125,0.9403,5840505.0
1987-01-23,0.9219,0.9403,0.9219,0.9403,9867933.0
1987-01-26,0.931,0.931,0.9219,0.931,1042333.0
1987-01-27,0.931,0.9684,0.931,0.9497,3794980.0
1987-01-28,0.9497,0.9497,0.8843,0.931,6036247.0
1987-01-29,0.9219,0.9403,0.894,0.9029,10790375.0
1987-01-30,0.8843,0.8843,0.8753,0.8753,4732102.0
1987-02-02,0.8753,0.8843,0.8659,0.8753,1847331.0
1987-02-03,0.8843,0.9029,0.8843,0.8843,7034542.0
1987-02-04,0.8843,0.9219,0.8843,0.9219,11644308.0
1987-02-05,0.9497,0.9593,0.931,0.9403,6104760.0
1987-02-06,0.9403,0.9684,0.9403,0.9593,3545409.0
1987-02-09,0.9497,0.9497,0.931,0.9403,1145099.0
1987-02-10,0.9403,0.9403,0.894,0.9403,2938604.0
1987-02-11,0.9403,0.9497,0.931,0.9403,1514567.0
1987-02-12,0.9403,0.9403,0.9219,0.931,1964776.0
1987-02-13,0.931,0.9593,0.9029,0.9497,7120181.0
1987-02-17,0.9403,0.9593,0.931,0.9497,6968475.0
1987-02-18,0.9593,0.9868,0.9593,0.9593,6557416.0
1987-02-19,0.9684,0.9684,0.931,0.9497,3479346.0
1987-02-20,0.9497,0.9684,0.9497,0.9593,3097644.0
1987-02-23,0.9684,0.9776,0.9403,0.9593,1573290.0
1987-02-24,0.9593,0.9776,0.9593,0.9684,8098896.0
1987-02-25,0.9684,0.9684,0.9497,0.9497,2972861.0
1987-02-26,0.9497,0.9497,0.931,0.931,1233184.0
1987-02-27,0.931,0.9497,0.9125,0.9403,8908786.0
1987-03-02,0.9497,0.9497,0.931,0.9403,2495733.0
1987-03-03,0.9497,0.9497,0.9219,0.9219,2150731.0
1987-03-04,0.9403,0.9593,0.9125,0.9403,21529372.0
1987-03-05,0.9593,0.9776,0.9593,0.9684,8764428.0
1987-03-06,0.9684,0.9776,0.931,0.9684,12028451.0
1987-03-09,0.9593,0.9593,0.931,0.931,6748265.0
1987-03-10,0.9219,0.931,0.9125,0.9219,6946455.0
1987-03-11,0.8286,0.8659,0.8286,0.8471,26425407.0
1987-03-12,0.8471,0.8564,0.8471,0.8471,8101344.0
1987-03-13,0.8564,0.8753,0.8471,0.8753,5803805.0
1987-03-16,0.8843,0.8843,0.8381,0.8753,4208490.0
1987-03-17,0.8753,0.894,0.8753,0.8843,3799873.0
1987-03-18,0.8753,0.894,0.8471,0.8564,5170082.0
1987-03-19,0.8471,0.8753,0.8381,0.8659,10247185.0
1987-03-20,0.8753,0.8753,0.8659,0.8753,4494767.0
1987-03-23,0.8659,0.8753,0.8564,0.8659,5855187.0
1987-03-24,0.8659,0.894,0.8659,0.8659,2111590.0
1987-03-25,0.8659,0.8753,0.8564,0.8659,5174971.0
1987-03-26,0.8564,0.8659,0.8471,0.8659,6819224.0
1987-03-27,0.8659,0.8659,0.8564,0.8564,1749460.0
1987-03-30,0.8193,0.8381,0.8008,0.8193,8309320.0
1987-03-31,0.8286,0.8286,0.8008,0.8286,3131902.0
1987-04-01,0.8286,0.8286,0.8101,0.8193,8177194.0
1987-04-02,0.8193,0.8381,0.8193,0.8381,5595824.0
1987-04-03,0.8381,0.8564,0.8286,0.8564,4656258.0
1987-04-06,0.8659,0.8843,0.8564,0.8753,7208265.0
1987-04-07,0.8753,0.8753,0.8659,0.8659,6488909.0
1987-04-08,0.8659,0.8843,0.8659,0.8753,6006886.0
1987-04-09,0.8843,0.9029,0.8471,0.8564,8757086.0
1987-04-10,0.8564,0.8564,0.8381,0.8471,4423809.0
1987-04-13,0.8471,0.8564,0.8286,0.8286,1318822.0
1987-04-14,0.8193,0.8193,0.7916,0.8101,2233925.0
1987-04-15,0.8101,0.8286,0.8101,0.8193,1556161.0
1987-04-16,0.8193,0.8193,0.8008,0.8193,6956242.0
1987-04-20,0.8193,0.8286,0.8101,0.8101,2510413.0
1987-04-21,0.8008,0.8101,0.7916,0.8101,10411124.0
1987-04-22,0.8101,0.8101,0.782,0.7916,2713501.0
1987-04-23,0.7916,0.7916,0.7448,0.7637,11115802.0
1987-04-24,0.7637,0.7637,0.7448,0.7541,6635713.0
1987-04-27,0.7448,0.7541,0.7262,0.7448,7489644.0
1987-04-28,0.7448,0.7448,0.7262,0.7448,2221692.0
1987-04-29,0.7355,0.7541,0.7078,0.7355,11451013.0
1987-04-30,0.7355,0.7448,0.7262,0.7448,3665302.0
1987-05-01,0.7448,0.7541,0.7355,0.7448,2759988.0
1987-05-04,0.7448,0.7541,0.7448,0.7448,3496473.0
1987-05-05,0.7541,0.7637,0.7448,0.7541,3616365.0
1987-05-06,0.7541,0.7637,0.7541,0.7541,2657220.0
1987-05-07,0.7541,0.7728,0.7541,0.7728,1587973.0
1987-05-08,0.7728,0.7728,0.7541,0.7541,2931260.0
1987-05-11,0.7637,0.7728,0.7541,0.7541,2884770.0
1987-05-12,0.7448,0.7541,0.7448,0.7448,4367532.0
1987-05-13,0.7541,0.7728,0.7448,0.7541,4465408.0
1987-05-14,0.7541,0.7916,0.7541,0.7916,2493286.0
1987-05-15,0.782,0.8008,0.7448,0.7637,1568399.0
1987-05-18,0.7448,0.7448,0.7262,0.7355,5754865.0
1987-05-19,0.7355,0.7448,0.7262,0.7355,6236883.0
1987-05-20,0.7262,0.7355,0.717,0.7355,2989983.0
1987-05-21,0.7355,0.7448,0.7355,0.7355,1866905.0
1987-05-22,0.7355,0.7355,0.7262,0.7355,2065098.0
1987-05-26,0.7448,0.7637,0.7355,0.7637,6266246.0
1987-05-27,0.7637,0.7728,0.7541,0.7728,1773928.0
1987-05-28,0.7637,0.7728,0.7541,0.7728,900422.0
1987-05-29,0.7728,0.7728,0.7637,0.7637,2273076.0
1987-06-01,0.7637,0.7637,0.7355,0.7355,2319564.0
1987-06-02,0.7355,0.7355,0.7262,0.7355,5872312.0
1987-06-03,0.7448,0.7541,0.7355,0.7541,1282122.0
1987-06-04,0.7541,0.7541,0.7448,0.7541,2921477.0
1987-06-05,0.7541,0.7637,0.7541,0.7541,621487.0
1987-06-08,0.782,0.782,0.7541,0.782,2351374.0
1987-06-09,0.782,0.8193,0.782,0.8008,7969215.0
1987-06-10,0.8008,0.8381,0.8008,0.8193,8341130.0
1987-06-11,0.8193,0.8286,0.8193,0.8193,2312222.0
1987-06-12,0.8193,0.8286,0.8193,0.8286,2782010.0
1987-06-15,0.8381,0.8471,0.7916,0.8193,3317856.0
1987-06-16,0.8193,0.8286,0.8101,0.8193,1915844.0
1987-06-17,0.8101,0.8101,0.8008,0.8008,1172016.0
1987-06-18,0.8008,0.8008,0.782,0.7916,849039.0
1987-06-19,0.782,0.8008,0.782,0.8008,3694663.0
1987-06-22,0.8008,0.8101,0.7916,0.8008,1419143.0
1987-06-23,0.8008,0.8101,0.7916,0.8101,4570615.0
1987-06-24,0.8101,0.8101,0.7916,0.7916,2353818.0
1987-06-25,0.7637,0.7916,0.7637,0.7916,12199732.0
1987-06-26,0.782,0.7916,0.782,0.7916,2897009.0
1987-06-29,0.7916,0.8008,0.7728,0.782,2950836.0
1987-06-30,0.7916,0.8008,0.782,0.7916,3427963.0
1987-07-01,0.782,0.7916,0.7728,0.782,3550301.0
1987-07-02,0.782,0.782,0.7728,0.782,1839992.0
1987-07-06,0.7728,0.782,0.7728,0.7728,800099.0
1987-07-07,0.7728,0.782,0.7637,0.7728,1054569.0
1987-07-08,0.7728,0.7728,0.7637,0.7728,574997.0
1987-07-09,0.7637,0.7916,0.7637,0.782,3506262.0
1987-07-10,0.782,0.7916,0.782,0.7916,1039890.0
1987-07-13,0.782,0.7916,0.7728,0.7916,1866905.0
1987-07-14,0.782,0.7916,0.7637,0.7728,3334984.0
1987-07-15,0.7728,0.7916,0.7637,0.7728,1568399.0
1987-07-16,0.782,0.7916,0.7728,0.7916,1272336.0
1987-07-17,0.7916,0.8008,0.782,0.7916,1240526.0
1987-07-20,0.782,0.7916,0.782,0.782,736488.0
1987-07-21,0.7916,0.7916,0.782,0.782,934674.0
1987-07-22,0.782,0.782,0.7541,0.7728,4272107.0
1987-07-23,0.7728,0.782,0.7637,0.782,3440194.0
1987-07-24,0.782,0.782,0.7728,0.782,1294354.0
1987-07-27,0.782,0.782,0.7728,0.782,890634.0
1987-07-28,0.7916,0.8008,0.782,0.8008,3902641.0
1987-07-29,0.8008,0.8753,0.8008,0.8659,18957785.0
1987-07-30,0.8753,0.9029,0.8753,0.8753,12057817.0
1987-07-31,0.8843,0.8843,0.8286,0.8564,6202630.0
1987-08-03,0.8381,0.8471,0.8286,0.8381,1663821.0
1987-08-04,0.8381,0.8753,0.8193,0.8564,3589449.0
1987-08-05,0.8564,0.8753,0.8471,0.8564,3300730.0
1987-08-06,0.8564,0.8564,0.8471,0.8564,2226587.0
1987-08-07,0.8564,0.9125,0.8564,0.894,11311545.0
1987-08-10,0.8843,0.9029,0.8843,0.9029,2368496.0
1987-08-11,0.9029,0.9125,0.8659,0.8659,2123818.0
1987-08-12,0.8659,0.8843,0.8659,0.8753,3883064.0
1987-08-13,0.8659,0.8659,0.8564,0.8659,1485206.0
1987-08-14,0.8659,0.8659,0.8471,0.8471,1837547.0
1987-08-17,0.8564,0.8564,0.8381,0.8471,469787.0
1987-08-18,0.8471,0.8471,0.8101,0.8193,2008820.0
1987-08-19,0.8286,0.8286,0.8101,0.8193,1565952.0
1987-08-20,0.8193,0.8471,0.8193,0.8471,3851257.0
1987-08-21,0.8471,0.8471,0.8381,0.8381,1233184.0
1987-08-24,0.8471,0.8564,0.8381,0.8471,971378.0
1987-08-25,0.8564,0.8564,0.8381,0.8471,4918060.0
1987-08-26,0.8471,0.8753,0.8471,0.8753,6021567.0
1987-08-27,0.8753,0.8753,0.8564,0.8564,4272107.0
1987-08-28,0.8471,0.8471,0.8286,0.8286,2571583.0
1987-08-31,0.8286,0.8286,0.8193,0.8193,2432117.0
1987-09-01,0.8193,0.8286,0.8008,0.8101,4201149.0
1987-09-02,0.8193,0.8286,0.8008,0.8193,4795723.0
1987-09-03,0.8193,0.8193,0.8101,0.8101,9894850.0
1987-09-04,0.8008,0.8193,0.8008,0.8008,1795950.0
1987-09-08,0.7916,0.7916,0.7728,0.7728,3858598.0
1987-09-09,0.7728,0.7916,0.7728,0.782,4763914.0
1987-09-10,0.7916,0.8008,0.7728,0.782,3435303.0
1987-09-11,0.782,0.8008,0.782,0.7916,2596052.0
1987-09-14,0.7916,0.8101,0.7916,0.8101,973824.0
1987-09-15,0.8101,0.8101,0.7916,0.7916,1791054.0
1987-09-16,0.7916,0.7916,0.782,0.7916,2537330.0
1987-09-17,0.7916,0.7916,0.7728,0.7728,2397861.0
1987-09-18,0.782,0.7916,0.7728,0.7728,2478607.0
1987-09-21,0.7728,0.782,0.7728,0.7728,1223399.0
1987-09-22,0.7728,0.7916,0.7728,0.7916,873506.0
1987-09-23,0.7916,0.7916,0.7728,0.782,1676052.0
1987-09-24,0.782,0.7916,0.782,0.782,3494030.0
1987-09-25,0.782,0.782,0.7728,0.782,521168.0
1987-09-28,0.7728,0.782,0.7728,0.782,609253.0
1987-09-29,0.782,0.782,0.7728,0.782,2341585.0
1987-09-30,0.782,0.782,0.7728,0.782,3168604.0
1987-10-01,0.782,0.782,0.782,0.782,1318822.0
1987-10-02,0.782,0.8286,0.782,0.8286,2363607.0
1987-10-05,0.8193,0.8286,0.782,0.7916,2767329.0
1987-10-06,0.7916,0.7916,0.7728,0.7728,2380731.0
1987-10-07,0.7728,0.7728,0.7728,0.7728,738933.0
1987-10-08,0.7728,0.7728,0.7728,0.7728,736488.0
1987-10-09,0.7728,0.7728,0.7637,0.7728,1015422.0
1987-10-12,0.7637,0.7728,0.7637,0.7637,1135313.0
1987-10-13,0.7637,0.7916,0.7541,0.7916,3824346.0
1987-10-14,0.782,0.782,0.7637,0.7637,1086379.0
1987-10-15,0.7637,0.7637,0.7448,0.7448,1118186.0
1987-10-16,0.7355,0.7448,0.6888,0.6888,5877209.0
1987-10-19,0.6702,0.6702,0.5309,0.5401,5884546.0
1987-10-20,0.5864,0.6146,0.5212,0.568,11482819.0
1987-10-21,0.6238,0.6423,0.6053,0.6053,3971153.0
1987-10-22,0.5492,0.5864,0.5401,0.568,6694438.0
1987-10-23,0.5492,0.568,0.5401,0.5588,2916580.0
1987-10-26,0.5309,0.5492,0.5309,0.5401,4071469.0
1987-10-27,0.5492,0.568,0.5309,0.5492,3770515.0
1987-10-28,0.5588,0.5588,0.5309,0.5401,3645728.0
1987-10-29,0.5309,0.5492,0.5309,0.5492,2226587.0
1987-10-30,0.5588,0.6053,0.5492,0.6053,4188917.0
1987-11-02,0.5959,0.5959,0.568,0.5775,1573290.0
1987-11-03,0.5864,0.5864,0.5212,0.5492,4499655.0
1987-11-04,0.5401,0.568,0.5401,0.5492,1839992.0
1987-11-05,0.5492,0.5775,0.5492,0.568,697339.0
1987-11-06,0.568,0.5775,0.5492,0.5492,3251793.0
1987-11-09,0.5401,0.568,0.5309,0.5492,4135085.0
1987-11-10,0.5401,0.5588,0.5401,0.5401,1174467.0
1987-11-11,0.5309,0.5492,0.5309,0.5401,357233.0
1987-11-12,0.5401,0.5492,0.5401,0.5401,919994.0
1987-11-13,0.5588,0.568,0.5492,0.568,1394671.0
1987-11-16,0.568,0.568,0.5492,0.5492,3640834.0
1987-11-17,0.5492,0.5492,0.5401,0.5401,1817970.0
1987-11-18,0.5492,0.5492,0.5309,0.5492,2216797.0
1987-11-19,0.5492,0.5588,0.5401,0.5401,3472002.0
1987-11-20,0.5401,0.5492,0.5401,0.5401,1355526.0
1987-11-23,0.5309,0.5401,0.5212,0.5309,1228291.0
1987-11-24,0.5401,0.568,0.5401,0.5588,3787642.0
1987-11-25,0.5492,0.5492,0.5492,0.5492,1086379.0
1987-11-27,0.5492,0.5492,0.5401,0.5401,447765.0
1987-11-30,0.5309,0.5492,0.49343,0.5492,3613918.0
1987-12-01,0.5492,0.5492,0.5121,0.5121,599463.0
1987-12-02,0.5121,0.5212,0.5029,0.5121,1688290.0
1987-12-03,0.5029,0.5029,0.47483,0.48398,3136791.0
1987-12-04,0.48398,0.48398,0.47483,0.47483,2248607.0
1987-12-07,0.47483,0.48398,0.46547,0.48398,1989243.0
1987-12-08,0.48398,0.49343,0.48398,0.49343,4776153.0
1987-12-09,0.5029,0.5029,0.49343,0.5029,1140209.0
1987-12-10,0.48398,0.49343,0.46547,0.46547,2493286.0
1987-12-11,0.46547,0.48398,0.46547,0.46547,4484981.0
1987-12-14,0.49343,0.5212,0.49343,0.5212,2681691.0
1987-12-15,0.568,0.568,0.5401,0.5401,5248379.0
1987-12-16,0.5401,0.5775,0.5401,0.5775,4932745.0
1987-12-17,0.5775,0.5864,0.5588,0.5775,7761240.0
1987-12-18,0.5775,0.5864,0.568,0.5864,2043079.0
1987-12-21,0.5775,0.5775,0.5492,0.568,1646693.0
1987-12-22,0.568,0.568,0.5401,0.568,4203596.0
1987-12-23,0.5588,0.5864,0.5401,0.5492,4737003.0
1987-12-24,0.5492,0.5588,0.5401,0.5492,1311483.0
1987-12-28,0.5588,0.5588,0.5309,0.5401,1394671.0
1987-12-29,0.5309,0.5401,0.5121,0.5401,3932004.0
1987-12-30,0.5309,0.5588,0.5309,0.5401,3149027.0
1987-12-31,0.5212,0.5492,0.5029,0.5212,6268696.0
1988-01-04,0.5492,0.5775,0.5492,0.568,4810403.0
1988-01-05,0.5588,0.5864,0.5588,0.568,5294869.0
1988-01-06,0.568,0.5775,0.568,0.5775,1744567.0
1988-01-07,0.568,0.5775,0.5588,0.5775,1076591.0
1988-01-08,0.568,0.5775,0.5121,0.5212,2167862.0
1988-01-11,0.5309,0.5492,0.5309,0.5401,4580406.0
1988-01-12,0.5401,0.5588,0.5309,0.5492,3843918.0
1988-01-13,0.5401,0.5401,0.5309,0.5401,2121373.0
1988-01-14,0.5401,0.5401,0.5309,0.5309,1558608.0
1988-01-15,0.5492,0.5588,0.5212,0.5309,3523389.0
1988-01-18,0.5309,0.5401,0.5212,0.5309,4029876.0
1988-01-19,0.5309,0.5401,0.5212,0.5309,3587004.0
1988-01-20,0.5212,0.5401,0.5212,0.5309,601909.0
1988-01-21,0.5212,0.5309,0.5212,0.5309,626379.0
1988-01-22,0.5309,0.5401,0.5212,0.5401,748718.0
1988-01-25,0.5401,0.5588,0.5401,0.5401,4120405.0
1988-01-26,0.5492,0.5588,0.5401,0.5492,1644247.0
1988-01-27,0.5492,0.5588,0.5492,0.5492,1932969.0
1988-01-28,0.5492,0.5864,0.5401,0.5864,5121145.0
1988-01-29,0.5864,0.6053,0.5864,0.5864,4636681.0
1988-02-01,0.5864,0.6053,0.5864,0.5959,2390520.0
1988-02-02,0.5864,0.5959,0.5864,0.5959,560316.0
1988-02-03,0.5959,0.6053,0.5864,0.5864,1025212.0
1988-02-04,0.5864,0.5864,0.5588,0.5775,1729885.0
1988-02-05,0.5775,0.5864,0.5775,0.5864,951803.0
1988-02-08,0.5864,0.6053,0.5775,0.5959,2395416.0
1988-02-09,0.5959,0.6053,0.5959,0.6053,1086379.0
1988-02-10,0.6053,0.6238,0.6053,0.6053,3699559.0
1988-02-11,0.6146,0.6146,0.6053,0.6053,1597758.0
1988-02-12,0.6146,0.6146,0.6053,0.6053,775629.0
1988-02-16,0.6053,0.6146,0.5959,0.6053,1822867.0
1988-02-17,0.6146,0.6146,0.6053,0.6146,2248607.0
1988-02-18,0.6146,0.6238,0.6053,0.6146,900422.0
1988-02-19,0.6146,0.6517,0.6146,0.6517,3697110.0
1988-02-22,0.6517,0.6517,0.6238,0.6423,4015195.0
1988-02-23,0.6331,0.6423,0.6238,0.6331,4776153.0
1988-02-24,0.6331,0.6331,0.6146,0.6331,4391999.0
1988-02-25,0.6331,0.6797,0.6331,0.6517,18487996.0
1988-02-26,0.6517,0.6702,0.6517,0.6609,2742860.0
1988-02-29,0.6609,0.6702,0.6609,0.6702,3545409.0
1988-03-01,0.6702,0.6702,0.6609,0.6702,3631045.0
1988-03-02,0.6702,0.6888,0.6702,0.6888,3927107.0
1988-03-03,0.6797,0.7078,0.6702,0.6888,7741666.0
1988-03-04,0.6797,0.6984,0.6797,0.6984,3149027.0
1988-03-07,0.6888,0.6984,0.6797,0.6797,885741.0
1988-03-08,0.6797,0.6984,0.6797,0.6984,1375101.0
1988-03-09,0.6984,0.6984,0.6888,0.6888,1176913.0
1988-03-10,0.6888,0.6984,0.6797,0.6888,3048705.0
1988-03-11,0.6797,0.6797,0.6517,0.6609,2011267.0
1988-03-14,0.6609,0.6609,0.6609,0.6609,3841473.0
1988-03-15,0.6702,0.6797,0.6609,0.6797,17856724.0
1988-03-16,0.6797,0.6984,0.6797,0.6797,5967739.0
1988-03-17,0.6888,0.6984,0.6797,0.6797,655741.0
1988-03-18,0.6888,0.6984,0.6797,0.6888,2013712.0
1988-03-21,0.6797,0.6888,0.6797,0.6888,1749460.0
1988-03-22,0.6888,0.6984,0.6797,0.6984,7134862.0
1988-03-23,0.6984,0.717,0.6888,0.6888,4091047.0
1988-03-24,0.6797,0.6797,0.6517,0.6702,3550301.0
1988-03-25,0.6702,0.6797,0.6702,0.6797,878392.0
1988-03-28,0.6702,0.6702,0.6609,0.6609,942016.0
1988-03-29,0.6702,0.6797,0.6609,0.6702,946908.0
1988-03-30,0.6797,0.6797,0.6702,0.6702,2079774.0
1988-03-31,0.6702,0.6702,0.6609,0.6702,1343292.0
1988-04-04,0.6702,0.6702,0.6609,0.6702,369465.0
1988-04-05,0.6609,0.6702,0.6609,0.6702,1318822.0
1988-04-06,0.6609,0.6702,0.6609,0.6702,2253498.0
1988-04-07,0.6702,0.6702,0.6609,0.6702,574997.0
1988-04-08,0.6702,0.6797,0.6702,0.6797,2184985.0
1988-04-11,0.6702,0.6797,0.6609,0.6702,937122.0
1988-04-12,0.6702,0.6702,0.6609,0.6702,748718.0
1988-04-13,0.6702,0.6797,0.6702,0.6702,567657.0
1988-04-14,0.6609,0.6702,0.6609,0.6609,1208714.0
1988-04-15,0.6609,0.6702,0.6609,0.6609,1443607.0
1988-04-18,0.6609,0.6797,0.6609,0.6702,937122.0
1988-04-19,0.6609,0.6702,0.6517,0.6517,2715942.0
1988-04-20,0.6423,0.6609,0.6331,0.6423,1788607.0
1988-04-21,0.6517,0.6517,0.6423,0.6423,464890.0
1988-04-22,0.6423,0.6517,0.6423,0.6517,621487.0
1988-04-25,0.6517,0.6609,0.6423,0.6609,1003186.0
1988-04-26,0.6517,0.6609,0.6517,0.6609,1318822.0
1988-04-27,0.6609,0.6609,0.6517,0.6517,1284565.0
1988-04-28,0.6609,0.6609,0.6146,0.6238,4365086.0
1988-04-29,0.6238,0.6238,0.6146,0.6146,1671161.0
1988-05-02,0.6238,0.6331,0.6238,0.6331,1223399.0
1988-05-03,0.6331,0.6423,0.6238,0.6423,1666265.0
1988-05-04,0.6423,0.6609,0.6331,0.6609,5828268.0
1988-05-05,0.6702,0.6797,0.6702,0.6797,3900195.0
1988-05-06,0.6702,0.6702,0.6517,0.6517,1340843.0
1988-05-09,0.6517,0.6517,0.6423,0.6517,1291906.0
1988-05-10,0.6517,0.6609,0.6517,0.6517,758508.0
1988-05-11,0.6517,0.6609,0.6423,0.6517,4538806.0
1988-05-12,0.6609,0.6609,0.6609,0.6609,827017.0
1988-05-13,0.6609,0.6702,0.6609,0.6702,8967511.0
1988-05-16,0.6702,0.6702,0.6609,0.6702,1773928.0
1988-05-17,0.6702,0.6702,0.6517,0.6609,1795950.0
1988-05-18,0.6517,0.6517,0.6423,0.6423,1125527.0
1988-05-19,0.6517,0.6517,0.6146,0.6238,2229031.0
1988-05-20,0.6331,0.6331,0.6238,0.6331,1394671.0
1988-05-23,0.6238,0.6238,0.6146,0.6238,1375101.0
1988-05-24,0.6238,0.6331,0.6146,0.6331,694892.0
1988-05-25,0.6423,0.6609,0.6423,0.6609,1426484.0
1988-05-26,0.6609,0.6702,0.6517,0.6702,4440937.0
1988-05-27,0.6609,0.6609,0.6517,0.6517,724253.0
1988-05-31,0.6609,0.6702,0.6609,0.6702,4538806.0
1988-06-01,0.6702,0.6888,0.6609,0.6797,7487199.0
1988-06-02,0.6797,0.6797,0.6702,0.6797,623932.0
1988-06-03,0.6797,0.6888,0.6797,0.6888,1240526.0
1988-06-06,0.6888,0.6984,0.6797,0.6984,1198932.0
1988-06-07,0.6888,0.6888,0.6888,0.6888,968931.0
1988-06-08,0.6797,0.6984,0.6797,0.6888,5059975.0
1988-06-09,0.6888,0.6984,0.6888,0.6888,7871346.0
1988-06-10,0.6888,0.6888,0.6797,0.6797,17311087.0
1988-06-13,0.6797,0.6797,0.6517,0.6517,10301014.0
1988-06-14,0.6609,0.6797,0.6609,0.6797,18705765.0
1988-06-15,0.6797,0.6888,0.6797,0.6888,2493286.0
1988-06-16,0.6888,0.6888,0.6797,0.6888,1167120.0
1988-06-17,0.6888,0.7078,0.6888,0.7078,5838060.0
1988-06-20,0.6984,0.6984,0.6888,0.6888,6921987.0
1988-06-21,0.6888,0.7078,0.6888,0.7078,5400082.0
1988-06-22,0.7078,0.7262,0.7078,0.7262,14504614.0
1988-06-23,0.717,0.7262,0.717,0.7262,4450725.0
1988-06-24,0.7262,0.7262,0.717,0.7262,3562535.0
1988-06-27,0.717,0.7262,0.717,0.717,2505521.0
1988-06-28,0.717,0.7262,0.717,0.7262,3200407.0
1988-06-29,0.7262,0.7262,0.717,0.7262,1397119.0
1988-06-30,0.7262,0.7541,0.7262,0.7448,8101344.0
1988-07-01,0.7541,0.7541,0.7262,0.7355,4414020.0
1988-07-05,0.7355,0.7448,0.7262,0.7448,1164676.0
1988-07-06,0.7355,0.7355,0.7078,0.7262,1869353.0
1988-07-07,0.717,0.717,0.7078,0.717,1110848.0
1988-07-08,0.7078,0.7262,0.7078,0.717,7658477.0
1988-07-11,0.717,0.7262,0.7078,0.7262,1404464.0
1988-07-12,0.7262,0.7262,0.7078,0.7078,775629.0
1988-07-13,0.717,0.7355,0.717,0.7262,4250087.0
1988-07-14,0.7355,0.7355,0.717,0.7262,2737965.0
1988-07-15,0.7262,0.7262,0.717,0.7262,1098609.0
1988-07-18,0.7262,0.7355,0.7262,0.7262,1360420.0
1988-07-19,0.7262,0.7355,0.7262,0.7262,288720.0
1988-07-20,0.7262,0.7541,0.7262,0.7448,5595824.0
1988-07-21,0.7448,0.7448,0.7355,0.7355,482016.0
1988-07-22,0.7262,0.7355,0.717,0.7262,966483.0
1988-07-25,0.7262,0.7262,0.717,0.717,1206272.0
1988-07-26,0.717,0.7262,0.717,0.7262,778078.0
1988-07-27,0.7262,0.7355,0.717,0.717,743826.0
1988-07-28,0.717,0.717,0.6984,0.717,1059462.0
1988-07-29,0.717,0.7355,0.717,0.7262,1130423.0
1988-08-01,0.7262,0.7355,0.7262,0.7262,1536590.0
1988-08-02,0.7262,0.7262,0.717,0.7262,601909.0
1988-08-03,0.717,0.717,0.7078,0.7078,2588712.0
1988-08-04,0.7078,0.7078,0.7078,0.7078,1565952.0
1988-08-05,0.7078,0.7078,0.6984,0.6984,344998.0
1988-08-08,0.7078,0.7078,0.6984,0.7078,308300.0
1988-08-09,0.6984,0.7078,0.6702,0.6702,1331060.0
1988-08-10,0.6797,0.6797,0.6423,0.6517,3410836.0
1988-08-11,0.6517,0.6517,0.6423,0.6423,1313927.0
1988-08-12,0.6517,0.6517,0.6423,0.6423,1088823.0
1988-08-15,0.6517,0.6517,0.6238,0.6331,2317118.0
1988-08-16,0.6238,0.6238,0.6146,0.6238,4776153.0
1988-08-17,0.6238,0.6238,0.6053,0.6146,1969669.0
1988-08-18,0.6146,0.6238,0.6146,0.6238,313190.0
1988-08-19,0.6238,0.6331,0.6146,0.6238,890634.0
1988-08-22,0.6331,0.6423,0.6238,0.6238,1612438.0
1988-08-23,0.6146,0.6238,0.6053,0.6146,861272.0
1988-08-24,0.6146,0.6238,0.6146,0.6238,2339137.0
1988-08-25,0.6238,0.6238,0.6146,0.6238,1551268.0
1988-08-26,0.6238,0.6331,0.6238,0.6331,1000741.0
1988-08-29,0.6238,0.6331,0.6238,0.6331,1299246.0
1988-08-30,0.6331,0.6423,0.6331,0.6331,988508.0
1988-08-31,0.6331,0.6331,0.6146,0.6238,1832647.0
1988-09-01,0.6146,0.6331,0.6146,0.6331,7235177.0
1988-09-02,0.6238,0.6517,0.6238,0.6517,2950836.0
1988-09-06,0.6609,0.6702,0.6517,0.6609,7325714.0
1988-09-07,0.6888,0.6888,0.6702,0.6702,4024980.0
1988-09-08,0.6702,0.6797,0.6702,0.6797,1835094.0
1988-09-09,0.6702,0.6888,0.6609,0.6797,2654774.0
1988-09-12,0.6702,0.6888,0.6702,0.6702,1181801.0
1988-09-13,0.6702,0.6797,0.6609,0.6609,736488.0
1988-09-14,0.6609,0.6797,0.6609,0.6702,1110848.0
1988-09-15,0.6609,0.6702,0.6609,0.6609,973824.0
1988-09-16,0.6609,0.6702,0.6517,0.6702,1463185.0
1988-09-19,0.6702,0.6702,0.6609,0.6609,765848.0
1988-09-20,0.6609,0.6702,0.6609,0.6702,616591.0
1988-09-21,0.6702,0.6797,0.6702,0.6702,968931.0
1988-09-22,0.6702,0.6702,0.6609,0.6609,1059462.0
1988-09-23,0.6609,0.6797,0.6609,0.6797,2566691.0
1988-09-26,0.6797,0.6888,0.6609,0.6702,2755096.0
1988-09-27,0.6609,0.6888,0.6609,0.6797,4631788.0
1988-09-28,0.6797,0.6797,0.6797,0.6797,264255.0
1988-09-29,0.6797,0.6888,0.6702,0.6797,1666265.0
1988-09-30,0.6797,0.6797,0.6702,0.6702,2138500.0
1988-10-03,0.6702,0.6702,0.6609,0.6702,1025212.0
1988-10-04,0.6702,0.6797,0.6702,0.6797,447765.0
1988-10-05,0.6797,0.6888,0.6702,0.6888,1220951.0
1988-10-06,0.6797,0.6984,0.6797,0.6888,9921765.0
1988-10-07,0.6888,0.7262,0.6797,0.7262,16493858.0
1988-10-10,0.717,0.7355,0.717,0.717,2155626.0
1988-10-11,0.717,0.7448,0.717,0.7355,4891147.0
1988-10-12,0.7355,0.7355,0.7078,0.7355,5072208.0
1988-10-13,0.7355,0.7916,0.7355,0.7916,19087463.0
1988-10-14,0.782,0.782,0.7448,0.7541,5037956.0
1988-10-17,0.7637,0.7728,0.7448,0.7448,4291681.0
1988-10-18,0.7541,0.7541,0.7448,0.7541,3574771.0
1988-10-19,0.7541,0.7541,0.7355,0.7448,2603394.0
1988-10-20,0.7355,0.7541,0.7355,0.7541,2938604.0
1988-10-21,0.7541,0.7541,0.7448,0.7541,2336690.0
1988-10-24,0.7541,0.7541,0.7448,0.7541,2263286.0
1988-10-25,0.7448,0.7541,0.7448,0.7541,1458291.0
1988-10-26,0.7541,0.7637,0.7448,0.7541,3222430.0
1988-10-27,0.7448,0.7728,0.7448,0.7637,4602425.0
1988-10-28,0.7637,0.7728,0.7541,0.7637,3051155.0
1988-10-31,0.7541,0.7637,0.7448,0.7637,1047229.0
1988-11-01,0.7637,0.7728,0.7637,0.7637,1135313.0
1988-11-02,0.7637,0.7728,0.7541,0.7541,751163.0
1988-11-03,0.7637,0.7916,0.7637,0.782,4783491.0
1988-11-04,0.7728,0.7916,0.7637,0.7916,4756576.0
1988-11-07,0.782,0.782,0.7541,0.7637,2747752.0
1988-11-08,0.782,0.782,0.7728,0.7728,9106982.0
1988-11-09,0.7728,0.7728,0.7541,0.7728,3721576.0
1988-11-10,0.7637,0.7728,0.7637,0.7637,2180094.0
1988-11-11,0.7541,0.7637,0.7448,0.7448,2559350.0
1988-11-14,0.7448,0.7448,0.717,0.7355,2207008.0
1988-11-15,0.7355,0.7448,0.7262,0.7262,961590.0
1988-11-16,0.717,0.7355,0.6984,0.7078,1470527.0
1988-11-17,0.7078,0.717,0.6984,0.7078,1954991.0
1988-11-18,0.7078,0.717,0.7078,0.717,1257655.0
1988-11-21,0.7078,0.717,0.6984,0.7078,1903608.0
1988-11-22,0.6984,0.7078,0.6984,0.7078,1191589.0
1988-11-23,0.7078,0.7355,0.7078,0.7262,5419657.0
1988-11-25,0.717,0.7355,0.7078,0.7355,1685844.0
1988-11-28,0.7355,0.7541,0.7262,0.7541,4749233.0
1988-11-29,0.7541,0.7541,0.7448,0.7448,3645728.0
1988-11-30,0.7541,0.7728,0.7541,0.7541,6077844.0
1988-12-01,0.7637,0.7637,0.7448,0.7448,3423068.0
1988-12-02,0.7448,0.7448,0.7355,0.7355,3423068.0
1988-12-05,0.7355,0.7637,0.7355,0.7541,3706895.0
1988-12-06,0.7637,0.7728,0.7637,0.7728,3078073.0
1988-12-07,0.7728,0.7916,0.7728,0.782,7580175.0
1988-12-08,0.7728,0.7728,0.7728,0.7728,2390520.0
1988-12-09,0.7728,0.7728,0.7637,0.7728,2561797.0
1988-12-12,0.7728,0.8008,0.7728,0.7916,10917610.0
1988-12-13,0.782,0.7916,0.7728,0.7916,1776375.0
1988-12-14,0.782,0.7916,0.7728,0.7916,3929554.0
1988-12-15,0.782,0.8008,0.7728,0.7916,7396665.0
1988-12-16,0.7916,0.8008,0.7916,0.7916,2657220.0
1988-12-19,0.7916,0.8101,0.782,0.8101,7227837.0
1988-12-20,0.8101,0.8286,0.8101,0.8193,8142941.0
1988-12-21,0.8193,0.8193,0.8008,0.8008,2233925.0
1988-12-22,0.8008,0.8101,0.7916,0.7916,4100832.0
1988-12-23,0.7916,0.7916,0.7728,0.7916,1186697.0
1988-12-27,0.7916,0.7916,0.7728,0.7916,900422.0
1988-12-28,0.7916,0.8008,0.782,0.7916,1524355.0
1988-12-29,0.7916,0.8101,0.7916,0.8008,1541482.0
1988-12-30,0.8008,0.8101,0.8008,0.8008,1220951.0
1989-01-03,0.7916,0.8008,0.7728,0.7728,763402.0
1989-01-04,0.7916,0.8008,0.782,0.8008,1438718.0
1989-01-05,0.7916,0.8008,0.7916,0.7916,1279675.0
1989-01-06,0.7916,0.8008,0.7916,0.7916,2632753.0
1989-01-09,0.8101,0.8193,0.8008,0.8193,4629340.0
1989-01-10,0.8193,0.8286,0.8193,0.8193,6104760.0
1989-01-11,0.8193,0.8286,0.8193,0.8286,2542223.0
1989-01-12,0.8286,0.8564,0.8286,0.8471,10168893.0
1989-01-13,0.8564,0.8564,0.8381,0.8471,6968475.0
1989-01-16,0.8564,0.8564,0.8381,0.8381,2977752.0
1989-01-17,0.8381,0.8471,0.8381,0.8471,5382957.0
1989-01-18,0.8471,0.8753,0.8381,0.8564,9033575.0
1989-01-19,0.8753,0.8753,0.8564,0.8753,6694438.0
1989-01-20,0.8753,0.8753,0.8564,0.8753,5608057.0
1989-01-23,0.8753,0.8753,0.8659,0.8659,3334984.0
1989-01-24,0.8753,0.8753,0.8659,0.8753,4707636.0
1989-01-25,0.8843,0.8843,0.8753,0.8843,6444864.0
1989-01-26,0.8843,0.9029,0.8753,0.894,19872885.0
1989-01-27,0.9029,0.9219,0.9029,0.9029,8823151.0
1989-01-30,0.9125,0.9125,0.9029,0.9125,1952544.0
1989-01-31,0.9125,0.9497,0.9125,0.9403,10462503.0
1989-02-01,0.9403,0.9497,0.9219,0.9219,10575055.0
1989-02-02,0.9219,0.9497,0.9219,0.931,6714010.0
1989-02-03,0.931,0.9403,0.9219,0.931,2647433.0
1989-02-06,0.9219,0.9219,0.8843,0.9125,4976785.0
1989-02-07,0.9125,0.931,0.9125,0.9219,4507002.0
1989-02-08,0.9219,0.931,0.894,0.9029,5429446.0
1989-02-09,0.894,0.9029,0.8843,0.894,5233701.0
1989-02-10,0.894,0.894,0.8843,0.894,2574030.0
1989-02-13,0.9029,0.931,0.894,0.931,6381247.0
1989-02-14,0.931,0.9403,0.9219,0.9219,8346028.0
1989-02-15,0.931,0.9497,0.9219,0.9497,6134121.0
1989-02-16,0.9684,0.9776,0.9593,0.9684,7085928.0
1989-02-17,0.9593,0.9684,0.9593,0.9593,2488389.0
1989-02-21,0.9593,0.9593,0.9403,0.9497,2596052.0
1989-02-22,0.9403,0.9403,0.9219,0.9219,5911462.0
1989-02-23,0.9125,0.9497,0.9029,0.9403,6917091.0
1989-02-24,0.9403,0.9403,0.9219,0.9219,6545179.0
1989-02-27,0.9219,0.9219,0.9125,0.9219,8429214.0
1989-02-28,0.9219,0.931,0.9219,0.931,4499655.0
1989-03-01,0.931,0.9403,0.931,0.931,3146582.0
1989-03-02,0.931,0.9684,0.931,0.9593,8678790.0
1989-03-03,0.9497,0.9776,0.9497,0.9684,4993912.0
1989-03-06,0.9684,0.9684,0.9593,0.9593,1005633.0
1989-03-07,0.9684,0.9684,0.9497,0.9593,1954991.0
1989-03-08,0.9593,0.9684,0.9497,0.9593,3932004.0
1989-03-09,0.9593,0.9868,0.9593,0.9868,4426258.0
1989-03-10,0.9868,1.0057,0.9776,1.0057,4482534.0
1989-03-13,1.0057,1.0057,0.9868,0.9868,2828498.0
1989-03-14,0.9868,1.0057,0.9868,1.0057,2622965.0
1989-03-15,1.0057,1.0057,0.9868,0.9868,1729885.0
1989-03-16,0.9868,0.9868,0.9776,0.9868,2542223.0
1989-03-17,0.9776,0.9776,0.9497,0.9684,3577215.0
1989-03-20,0.9593,0.9684,0.9497,0.9497,2933709.0
1989-03-21,0.9593,0.9776,0.9593,0.9776,1267440.0
1989-03-22,0.9776,0.9868,0.9684,0.9776,2434566.0
1989-03-23,0.9776,0.9868,0.9403,0.9497,14617168.0
1989-03-27,0.9497,0.9593,0.9497,0.9497,3256684.0
1989-03-28,0.9593,1.0057,0.9593,0.9868,4727209.0
1989-03-29,0.9868,0.9963,0.9776,0.9868,2370948.0
1989-03-30,0.9868,0.9963,0.9868,0.9963,3753383.0
1989-03-31,1.024,1.0337,1.024,1.024,8744851.0
1989-04-03,1.024,1.043,1.024,1.043,2591157.0
1989-04-04,1.043,1.043,1.024,1.0337,2578927.0
1989-04-05,1.024,1.0337,1.024,1.024,3748493.0
1989-04-06,1.024,1.0337,1.024,1.0337,9268471.0
1989-04-07,1.0337,1.043,1.024,1.043,8666555.0
1989-04-10,1.0337,1.043,1.0337,1.043,1284565.0
1989-04-11,1.0337,1.0522,1.0337,1.043,1822867.0
1989-04-12,1.0522,1.0708,1.043,1.0613,4188917.0
1989-04-13,1.0613,1.0708,1.0613,1.0613,2728183.0
1989-04-14,1.0708,1.0799,1.0708,1.0799,1739671.0
1989-04-17,1.0799,1.0892,1.0799,1.0799,1208714.0
1989-04-18,1.0799,1.1169,1.0799,1.1078,4382215.0
1989-04-19,1.1078,1.1169,1.0988,1.1169,4675831.0
1989-04-20,1.1267,1.1267,1.0708,1.1078,4303913.0
1989-04-21,1.1078,1.1363,1.1078,1.1363,3736257.0
1989-04-24,1.1267,1.1363,1.1169,1.1169,2280413.0
1989-04-25,1.1169,1.1363,1.1078,1.1169,4497212.0
1989-04-26,1.1169,1.1169,1.0799,1.0892,3506262.0
1989-04-27,1.0892,1.1169,1.0892,1.1078,2654774.0
1989-04-28,1.0988,1.1078,1.0892,1.1078,875954.0
1989-05-01,1.0988,1.1078,1.0892,1.0892,486913.0
1989-05-02,1.0892,1.1363,1.0892,1.1078,3650622.0
1989-05-03,1.1078,1.1078,1.0799,1.0799,1074140.0
1989-05-04,1.0799,1.1169,1.0613,1.0799,2001481.0
1989-05-05,1.0799,1.0799,1.0613,1.0708,4847103.0
1989-05-08,1.0613,1.0613,1.024,1.0522,3648173.0
1989-05-09,1.043,1.043,1.024,1.0337,2158076.0
1989-05-10,1.0337,1.0337,0.9868,1.0152,9792079.0
1989-05-11,1.0152,1.024,1.0057,1.024,2204561.0
1989-05-12,1.0337,1.043,1.024,1.024,3075624.0
1989-05-15,1.043,1.0522,1.0337,1.0522,6080290.0
1989-05-16,1.043,1.0613,1.043,1.0522,1991694.0
1989-05-17,1.0613,1.0613,1.0522,1.0613,2669455.0
1989-05-18,1.0613,1.0613,1.0522,1.0613,1338399.0
1989-05-19,1.0522,1.0988,1.0522,1.0613,1539032.0
1989-05-22,1.0613,1.0708,1.0522,1.0613,1005633.0
1989-05-23,1.0522,1.0613,1.043,1.0522,1512119.0
1989-05-24,1.0522,1.0522,1.043,1.0522,675318.0
1989-05-25,1.043,1.0522,1.024,1.0337,944463.0
1989-05-26,1.024,1.0522,1.024,1.0522,1671161.0
1989-05-30,1.0613,1.0708,1.0522,1.0522,917553.0
1989-05-31,1.0522,1.0522,1.024,1.024,2106692.0
1989-06-01,1.0152,1.024,1.0057,1.0057,3604129.0
1989-06-02,1.0152,1.024,1.0057,1.0152,2214354.0
1989-06-05,1.0057,1.0152,0.9963,1.0057,2233925.0
1989-06-06,0.9963,1.0057,0.9776,0.9868,3271368.0
1989-06-07,0.9963,1.0152,0.9963,0.9963,3144133.0
1989-06-08,0.9963,1.043,0.9963,1.0337,3900195.0
1989-06-09,1.0337,1.0522,1.0337,1.0522,7071243.0
1989-06-12,1.043,1.043,1.0337,1.043,2324458.0
1989-06-13,1.043,1.043,1.0337,1.043,1184251.0
1989-06-14,1.043,1.043,1.0057,1.024,2889668.0
1989-06-15,1.0152,1.024,1.0057,1.0152,1201377.0
1989-06-16,1.0152,1.0152,1.0057,1.0057,2510413.0
1989-06-19,0.9963,1.024,0.9963,1.0152,2045523.0
1989-06-20,1.0152,1.0522,1.0152,1.043,7328158.0
1989-06-21,1.043,1.0892,1.043,1.0892,2322008.0
1989-06-22,1.0799,1.0799,1.0708,1.0799,2033285.0
1989-06-23,1.0892,1.0988,1.0892,1.0892,1800841.0
1989-06-26,1.0988,1.0988,1.0799,1.0799,768295.0
1989-06-27,1.0799,1.0988,1.0799,1.0988,2008820.0
1989-06-28,1.0892,1.0892,1.0708,1.0799,1115740.0
1989-06-29,1.0799,1.0892,1.0708,1.0799,3672641.0
1989-06-30,1.0799,1.0892,1.0708,1.0799,5001251.0
1989-07-03,1.0799,1.0892,1.0708,1.0799,1296800.0
1989-07-05,1.0799,1.0799,1.0708,1.0799,817229.0
1989-07-06,1.0708,1.1078,1.0708,1.1078,1830202.0
1989-07-07,1.1078,1.1363,1.1078,1.1363,2060205.0
1989-07-10,1.1363,1.1638,1.1267,1.1544,5111359.0
1989-07-11,1.1638,1.1733,1.1544,1.1638,8739958.0
1989-07-12,1.1638,1.1638,1.1363,1.1363,3038923.0
1989-07-13,1.1453,1.1544,1.1363,1.1453,1717652.0
1989-07-14,1.1453,1.1453,1.1267,1.1453,1338399.0
1989-07-17,1.1453,1.1733,1.1363,1.1733,2791795.0
1989-07-18,1.1733,1.1733,1.1638,1.1733,2236373.0
1989-07-19,1.1733,1.1826,1.1733,1.1826,1020316.0
1989-07-20,1.1826,1.1915,1.1733,1.1733,1810628.0
1989-07-21,1.1638,1.1733,1.1453,1.1544,2035737.0
1989-07-24,1.1453,1.1638,1.1453,1.1544,731587.0
1989-07-25,1.1638,1.1826,1.1638,1.1733,2304881.0
1989-07-26,1.1826,1.1826,1.1544,1.1638,4032319.0
1989-07-27,1.1638,1.1638,1.1363,1.1453,2774667.0
1989-07-28,1.1363,1.1453,1.1078,1.1267,5630080.0
1989-07-31,1.1363,1.1363,1.1078,1.1169,1480311.0
1989-08-01,1.1078,1.1169,1.0708,1.0892,7834642.0
1989-08-02,1.0988,1.0988,1.0799,1.0892,1915844.0
1989-08-03,1.0708,1.0799,1.0522,1.0613,13755895.0
1989-08-04,1.043,1.0522,1.0337,1.0337,10714524.0
1989-08-07,1.043,1.0708,1.043,1.0708,7482305.0
1989-08-08,1.0799,1.0892,1.0708,1.0708,12928876.0
1989-08-09,1.0799,1.1078,1.0799,1.0892,13303233.0
1989-08-10,1.0892,1.1363,1.0892,1.0988,10430697.0
1989-08-11,1.1267,1.1363,1.0988,1.0988,5906571.0
1989-08-14,1.0892,1.0988,1.0613,1.0613,2118929.0
1989-08-15,1.0613,1.0613,1.0337,1.043,1411801.0
1989-08-16,1.0337,1.0522,1.024,1.043,6731142.0
1989-08-17,1.043,1.0522,1.0337,1.043,8321557.0
1989-08-18,1.0522,1.0892,1.0337,1.0799,3100092.0
1989-08-21,1.0799,1.0988,1.0708,1.0799,6055820.0
1989-08-22,1.0708,1.0708,1.043,1.0522,3357005.0
1989-08-23,1.0522,1.0613,1.0337,1.043,2874988.0
1989-08-24,1.043,1.043,1.0152,1.024,7702517.0
1989-08-25,1.024,1.0522,1.024,1.043,3706895.0
1989-08-28,1.043,1.0988,1.043,1.0892,5280188.0
1989-08-29,1.0988,1.1544,1.0988,1.1363,11681010.0
1989-08-30,1.1453,1.2196,1.1453,1.201,19224486.0
1989-08-31,1.1638,1.1733,1.1453,1.1544,11761755.0
1989-09-01,1.1544,1.1915,1.1544,1.1638,4345511.0
1989-09-05,1.1733,1.1733,1.1544,1.1638,3078073.0
1989-09-06,1.1453,1.1544,1.1169,1.1544,3002219.0
1989-09-07,1.1544,1.1544,1.0988,1.1169,3709346.0
1989-09-08,1.1169,1.1169,1.0892,1.0988,1443607.0
1989-09-11,1.1169,1.1169,1.0892,1.0988,5519975.0
1989-09-12,1.0988,1.1169,1.0988,1.1169,2897009.0
1989-09-13,1.1169,1.1169,1.1078,1.1078,2388073.0
1989-09-14,1.0988,1.0988,1.0613,1.0613,3166157.0
1989-09-15,1.0799,1.0799,1.0337,1.0522,3741153.0
1989-09-18,1.0522,1.0613,1.0522,1.0613,1764140.0
1989-09-19,1.0613,1.0708,1.0613,1.0613,917553.0
1989-09-20,1.0799,1.0892,1.0799,1.0892,7448050.0
1989-09-21,1.0892,1.0892,1.0799,1.0892,2500626.0
1989-09-22,1.0892,1.0988,1.0799,1.0892,1526802.0
1989-09-25,1.0799,1.0892,1.0708,1.0799,3743599.0
1989-09-26,1.0799,1.0988,1.0799,1.0892,4582850.0
1989-09-27,1.0799,1.0988,1.0799,1.0799,2485948.0
1989-09-28,1.0799,1.0892,1.0708,1.0799,1999031.0
1989-09-29,1.0708,1.0708,1.0613,1.0613,6276033.0
1989-10-02,1.0613,1.0708,1.0613,1.0708,4056788.0
1989-10-03,1.0708,1.0708,1.043,1.0522,1923181.0
1989-10-04,1.0522,1.0613,1.0522,1.0522,1986798.0
1989-10-05,1.0988,1.1363,1.0522,1.0613,15321844.0
1989-10-06,1.0708,1.0708,1.0613,1.0613,2471266.0
1989-10-09,1.0522,1.0522,1.043,1.043,1710312.0
1989-10-10,1.0522,1.0522,1.024,1.0522,4242746.0
1989-10-11,1.0522,1.0613,1.043,1.0613,5774442.0
1989-10-12,1.0522,1.0613,1.043,1.0522,4100832.0
1989-10-13,1.0522,1.0988,0.931,0.9497,6892626.0
1989-10-16,0.9497,1.0152,0.9497,1.0152,11654094.0
1989-10-17,1.0152,1.0152,0.9963,0.9963,2967963.0
1989-10-18,0.9963,1.0057,0.9963,0.9963,1656481.0
1989-10-19,0.9963,1.0152,0.9963,1.0057,6337204.0
1989-10-20,1.0057,1.0057,0.9963,0.9963,3613918.0
1989-10-23,0.9963,1.0057,0.9963,0.9963,2126264.0
1989-10-24,0.9868,0.9868,0.9684,0.9684,5977524.0
1989-10-25,0.9593,0.9684,0.9403,0.9403,5336465.0
1989-10-26,0.931,0.9403,0.894,0.894,9028685.0
1989-10-27,0.8843,0.8843,0.8659,0.8753,5206785.0
1989-10-30,0.894,0.9125,0.894,0.9125,4629340.0
1989-10-31,0.931,0.931,0.9029,0.9125,3298283.0
1989-11-01,0.9029,0.9125,0.9029,0.9029,1859564.0
1989-11-02,0.9125,0.9125,0.894,0.9029,1705417.0
1989-11-03,0.9029,0.9125,0.9029,0.9029,452657.0
1989-11-06,0.9029,0.9029,0.8753,0.8843,3303175.0
1989-11-07,0.8843,0.894,0.8753,0.8753,2889668.0
1989-11-08,0.8753,0.894,0.8753,0.8843,2667009.0
1989-11-09,0.8843,0.8843,0.8659,0.8659,2255948.0
1989-11-10,0.8659,0.8753,0.8659,0.8659,1504782.0
1989-11-13,0.8753,0.894,0.8659,0.8753,2331799.0
1989-11-14,0.8753,0.8753,0.8753,0.8753,1149995.0
1989-11-15,0.8753,0.894,0.8659,0.8753,1534143.0
1989-11-16,0.8753,0.8753,0.8564,0.8753,2172756.0
1989-11-17,0.8843,0.9029,0.8753,0.9029,4825080.0
1989-11-20,0.9029,0.9029,0.894,0.9029,1277230.0
1989-11-21,0.9029,0.9125,0.894,0.894,1825310.0
1989-11-22,0.894,0.894,0.8753,0.894,6068056.0
1989-11-24,0.894,0.894,0.8843,0.8843,2172756.0
1989-11-27,0.894,0.9029,0.8843,0.894,3677535.0
1989-11-28,0.894,0.9029,0.894,0.894,2821159.0
1989-11-29,0.894,0.9029,0.894,0.894,1590421.0
1989-11-30,0.9029,0.9029,0.894,0.9029,853931.0
1989-12-01,0.9029,0.9593,0.9029,0.9497,4281895.0
1989-12-04,0.9593,0.9963,0.9593,0.9868,5397640.0
1989-12-05,0.9963,1.0152,0.9868,0.9963,4543699.0
1989-12-06,0.9963,1.0337,0.9963,1.024,4580406.0
1989-12-07,1.0152,1.0337,1.0152,1.024,1866905.0
1989-12-08,1.0337,1.0337,1.0152,1.024,1717652.0
1989-12-11,1.0057,1.0057,0.9868,0.9963,1776375.0
1989-12-12,0.9963,0.9963,0.9684,0.9776,2322008.0
1989-12-13,0.9776,0.9868,0.9684,0.9684,1722544.0
1989-12-14,0.9593,0.9593,0.931,0.9403,2960627.0
1989-12-15,0.9497,0.9593,0.9403,0.9497,2652330.0
1989-12-18,0.9497,0.9684,0.931,0.931,1269884.0
1989-12-19,0.9497,0.9497,0.894,0.9125,5287530.0
1989-12-20,0.9219,0.931,0.9029,0.9125,3924664.0
1989-12-21,0.9125,0.9593,0.9125,0.9593,9995167.0
1989-12-22,0.9593,0.9593,0.9497,0.9593,1896270.0
1989-12-26,0.9593,0.9593,0.9497,0.9593,912653.0
1989-12-27,0.9593,0.9684,0.9593,0.9593,1942757.0
1989-12-28,0.9593,0.9593,0.9497,0.9593,2686583.0
1989-12-29,0.9684,0.9684,0.9593,0.9593,1485206.0
1990-01-02,0.9593,0.9684,0.9593,0.9684,1705417.0
1990-01-03,0.9684,0.9684,0.9497,0.9497,2277969.0
1990-01-04,0.9497,0.9593,0.9497,0.9497,2079774.0
1990-01-05,0.9497,0.9593,0.9403,0.9497,3976046.0
1990-01-08,0.9497,0.9684,0.9497,0.9593,3733810.0
1990-01-09,0.9593,0.9684,0.9125,0.9125,5507742.0
1990-01-10,0.9125,0.9125,0.8753,0.8843,5194552.0
1990-01-11,0.8843,0.894,0.8381,0.8471,7406455.0
1990-01-12,0.8381,0.8381,0.8286,0.8381,10484524.0
1990-01-15,0.8381,0.8471,0.8286,0.8471,3875731.0
1990-01-16,0.8381,0.894,0.8381,0.8843,14910780.0
1990-01-17,0.8843,0.8843,0.8564,0.8564,3848816.0
1990-01-18,0.8564,0.8564,0.8471,0.8564,1587973.0
1990-01-19,0.8564,0.8564,0.8471,0.8564,3349665.0
1990-01-22,0.8564,0.8564,0.8471,0.8471,2613179.0
1990-01-23,0.8471,0.8471,0.8286,0.8286,2013712.0
1990-01-24,0.8193,0.8193,0.8008,0.8193,7785712.0
1990-01-25,0.8286,0.8286,0.8193,0.8193,2899455.0
1990-01-26,0.8193,0.8286,0.8101,0.8193,1372652.0
1990-01-29,0.8286,0.8286,0.8193,0.8193,1022759.0
1990-01-30,0.8193,0.8193,0.8101,0.8101,1240526.0
1990-01-31,0.8193,0.8193,0.8008,0.8193,1744567.0
1990-02-01,0.8193,0.8381,0.8101,0.8381,1448500.0
1990-02-02,0.8381,0.8843,0.8286,0.8843,1910950.0
1990-02-05,0.8753,0.9029,0.8753,0.9029,1671161.0
1990-02-06,0.894,0.894,0.8843,0.8843,964038.0
1990-02-07,0.8843,0.8843,0.8471,0.8564,1321271.0
1990-02-08,0.8564,0.8659,0.8193,0.8286,2571583.0
1990-02-09,0.8381,0.8381,0.8286,0.8381,888188.0
1990-02-12,0.8381,0.8381,0.8286,0.8286,597019.0
1990-02-13,0.8381,0.8471,0.8286,0.8381,2370948.0
1990-02-14,0.8381,0.8471,0.8381,0.8471,1044784.0
1990-02-15,0.8564,0.8564,0.8471,0.8564,1519462.0
1990-02-16,0.8564,0.8659,0.8471,0.8564,1323715.0
1990-02-20,0.8471,0.8471,0.8381,0.8381,4438490.0
1990-02-21,0.8381,0.8564,0.8381,0.8564,1874246.0
1990-02-22,0.8564,0.8659,0.8471,0.8471,1685844.0
1990-02-23,0.8471,0.8564,0.8381,0.8471,653296.0
1990-02-26,0.8564,0.8564,0.8564,0.8564,2143393.0
1990-02-27,0.8753,0.8843,0.8753,0.8753,2796689.0
1990-02-28,0.8753,0.9029,0.8753,0.8843,1661373.0
1990-03-01,0.894,0.9219,0.894,0.9125,9302726.0
1990-03-02,0.9219,0.9403,0.9125,0.9403,4443380.0
1990-03-05,0.9403,0.9593,0.9403,0.9497,3002219.0
1990-03-06,0.9593,0.9593,0.9403,0.9497,1179355.0
1990-03-07,0.9497,0.9497,0.931,0.931,3435303.0
1990-03-08,0.931,0.931,0.9029,0.9219,680209.0
1990-03-09,0.9125,0.9219,0.9125,0.9125,1022759.0
1990-03-12,0.9029,0.9403,0.9029,0.9403,2341585.0
1990-03-13,0.9403,0.9593,0.931,0.9497,2202116.0
1990-03-14,0.9497,0.9497,0.9403,0.9497,2023499.0
1990-03-15,0.9403,0.9593,0.9403,0.9403,1074140.0
1990-03-16,0.9497,0.9497,0.9497,0.9497,1634461.0
1990-03-19,0.9403,0.9593,0.9403,0.9593,3053604.0
1990-03-20,0.9497,0.9593,0.9497,0.9593,10597077.0
1990-03-21,0.9593,0.9593,0.9497,0.9497,1103506.0
1990-03-22,0.9497,0.9497,0.9403,0.9403,724253.0
1990-03-23,0.9497,0.9497,0.931,0.9403,1154892.0
1990-03-26,0.9403,0.9403,0.931,0.931,254468.0
1990-03-27,0.931,0.9497,0.931,0.9497,1749460.0
1990-03-28,0.9403,0.9497,0.9403,0.9403,677761.0
1990-03-29,0.9403,0.9497,0.931,0.9403,1272336.0
1990-03-30,0.9403,0.9497,0.9403,0.9497,822124.0
1990-04-02,0.9403,0.9497,0.9403,0.9403,347443.0
1990-04-03,0.9403,0.9593,0.9403,0.9497,2909245.0
1990-04-04,0.9497,0.9497,0.9403,0.9403,408613.0
1990-04-05,0.9497,0.9497,0.9403,0.9403,7085928.0
1990-04-06,0.9497,0.9497,0.9403,0.9403,4622001.0
1990-04-09,0.9403,0.9497,0.9403,0.9497,550531.0
1990-04-10,0.9403,0.9684,0.9403,0.9684,4365086.0
1990-04-11,0.9593,0.9963,0.9593,0.9963,4394446.0
1990-04-12,0.9963,1.0057,0.9963,1.0057,3738708.0
1990-04-16,1.0057,1.0057,0.9776,0.9776,1326163.0
1990-04-17,0.9776,0.9868,0.9684,0.9776,2204561.0
1990-04-18,0.9776,0.9776,0.9593,0.9684,1081482.0
1990-04-19,0.9684,0.9684,0.9593,0.9593,954250.0
1990-04-20,0.9593,0.9593,0.9497,0.9497,584783.0
1990-04-23,0.9497,0.9593,0.931,0.931,1509675.0
1990-04-24,0.9403,0.9497,0.931,0.931,3785195.0
1990-04-25,0.9403,0.9593,0.9403,0.9593,2948391.0
1990-04-26,0.9593,0.9776,0.9593,0.9684,922446.0
1990-04-27,0.9684,0.9684,0.9497,0.9497,2361157.0
1990-04-30,0.9497,0.9497,0.9403,0.9497,1654037.0
1990-05-01,0.9497,0.9776,0.9497,0.9684,3503811.0
1990-05-02,0.9684,0.9963,0.9684,0.9963,868614.0
1990-05-03,0.9963,1.024,0.9963,1.0057,5419657.0
1990-05-04,1.0152,1.0152,1.0057,1.0152,3706895.0
1990-05-07,1.0152,1.0337,1.0152,1.0337,2865198.0
1990-05-08,1.024,1.0799,1.0152,1.0613,6992945.0
1990-05-09,1.0522,1.0613,1.0337,1.0337,9867933.0
1990-05-10,1.043,1.043,1.0152,1.024,4171789.0
1990-05-11,1.024,1.043,1.024,1.0337,2689029.0
1990-05-14,1.0337,1.043,1.0337,1.0337,2077330.0
1990-05-15,1.024,1.0337,1.0152,1.0152,1186697.0
1990-05-16,1.0152,1.024,1.0057,1.024,1967224.0
1990-05-17,1.0152,1.0337,1.0152,1.024,1786162.0
1990-05-18,1.0152,1.024,1.0152,1.0152,1764140.0
1990-05-21,1.0152,1.0337,1.0152,1.024,2674349.0
1990-05-22,1.0337,1.0337,1.024,1.0337,5446569.0
1990-05-23,1.0337,1.0337,1.024,1.0337,2351374.0
1990-05-24,1.0337,1.043,1.024,1.0337,2363607.0
1990-05-25,1.0337,1.0337,1.024,1.024,653296.0
1990-05-29,1.024,1.0337,1.024,1.0337,2554456.0
1990-05-30,1.0337,1.0337,1.0337,1.0337,592124.0
1990-05-31,1.0337,1.0337,1.024,1.024,748718.0
1990-06-01,1.0337,1.043,1.0337,1.0337,1771480.0
1990-06-04,1.0337,1.043,1.0337,1.043,5505291.0
1990-06-05,1.0337,1.0613,1.0337,1.0522,8456128.0
1990-06-06,1.0522,1.0522,1.043,1.043,2605841.0
1990-06-07,1.0613,1.0613,1.043,1.043,6784967.0
1990-06-08,1.043,1.043,1.024,1.024,3540517.0
1990-06-11,1.024,1.0337,1.024,1.0337,352338.0
1990-06-12,1.0337,1.0337,1.024,1.024,1546378.0
1990-06-13,1.024,1.0337,1.024,1.0337,1810628.0
1990-06-14,1.024,1.024,0.9963,1.0057,5162744.0
1990-06-15,0.9963,1.0057,0.9963,0.9963,2549566.0
1990-06-18,0.9963,0.9963,0.9868,0.9868,3423068.0
1990-06-19,0.9868,0.9963,0.9776,0.9963,2733070.0
1990-06-20,1.0057,1.024,1.0057,1.0152,7521454.0
1990-06-21,1.0057,1.0152,1.0057,1.0152,3545409.0
1990-06-22,1.0152,1.024,1.0057,1.0057,1842440.0
1990-06-25,1.0057,1.0057,0.9868,0.9868,3153917.0
1990-06-26,0.9868,0.9963,0.9868,0.9963,1700524.0
1990-06-27,0.9868,1.0057,0.9868,0.9963,3530727.0
1990-06-28,0.9963,1.0152,0.9963,1.0152,4526572.0
1990-06-29,1.0152,1.024,1.0152,1.024,4269660.0
1990-07-02,1.024,1.0708,1.024,1.0708,6415500.0
1990-07-03,1.0708,1.0708,1.0613,1.0613,1000741.0
1990-07-05,1.0522,1.0613,1.0522,1.0522,1803287.0
1990-07-06,1.0522,1.0708,1.0522,1.0613,1379993.0
1990-07-09,1.0613,1.0708,1.0613,1.0708,1683393.0
1990-07-10,1.0708,1.0799,1.0708,1.0799,2182543.0
1990-07-11,1.0708,1.0799,1.0613,1.0613,1120631.0
1990-07-12,1.0613,1.0988,1.0613,1.0799,5341360.0
1990-07-13,1.0799,1.1267,1.0708,1.0988,7061457.0
1990-07-16,1.0892,1.0988,1.0799,1.0799,964038.0
1990-07-17,1.0799,1.0988,1.0708,1.0708,1404464.0
1990-07-18,1.0613,1.0799,1.0613,1.0799,1517013.0
1990-07-19,1.0892,1.1078,1.0799,1.1078,3046262.0
1990-07-20,1.1078,1.1363,1.1078,1.1169,4012749.0
1990-07-23,1.1267,1.1267,1.0799,1.0892,2600947.0
1990-07-24,1.0799,1.1169,1.0708,1.0708,9684424.0
1990-07-25,1.0799,1.1363,1.0799,1.1363,6941560.0
1990-07-26,1.1363,1.1363,1.1169,1.1169,3861046.0
1990-07-27,1.1169,1.1267,1.1078,1.1169,3286048.0
1990-07-30,1.1169,1.1363,1.1169,1.1363,2344029.0
1990-07-31,1.1363,1.1363,1.1078,1.1169,1844882.0
1990-08-01,1.1169,1.1267,1.1078,1.1169,3449984.0
1990-08-02,1.1078,1.1078,1.0892,1.0988,6797202.0
1990-08-03,1.0892,1.0892,1.0057,1.024,2992433.0
1990-08-06,0.9684,0.9776,0.894,0.894,7315924.0
1990-08-07,0.931,0.9403,0.894,0.9125,5674121.0
1990-08-08,0.9219,0.9593,0.9219,0.9497,4815299.0
1990-08-09,0.9593,0.9593,0.9403,0.9497,9429958.0
1990-08-10,0.9497,0.9497,0.9125,0.9219,1583076.0
1990-08-13,0.9125,0.9497,0.9125,0.9497,2774667.0
1990-08-14,0.9403,0.9593,0.931,0.9403,5806246.0
1990-08-15,0.9497,0.9776,0.9497,0.9593,3041369.0
1990-08-16,0.9497,0.9776,0.9497,0.9593,9444634.0
1990-08-17,0.9497,0.9684,0.9403,0.9593,8001028.0
1990-08-20,0.9593,0.9684,0.9497,0.9593,1754352.0
1990-08-21,0.9593,0.9593,0.931,0.9497,4262321.0
1990-08-22,0.9497,0.9497,0.9403,0.9403,1788607.0
1990-08-23,0.9029,0.931,0.894,0.9219,3873280.0
1990-08-24,0.9497,0.9497,0.9125,0.9403,3293388.0
1990-08-27,0.9593,0.9776,0.9497,0.9497,2018608.0
1990-08-28,0.9403,0.9593,0.9403,0.9593,1397119.0
1990-08-29,0.9593,0.9868,0.9497,0.9776,1639350.0
1990-08-30,0.9868,1.0152,0.9776,0.9963,1766587.0
1990-08-31,1.0057,1.0057,0.9963,0.9963,867800.0
1990-09-04,0.9963,1.0057,0.9776,0.9776,2463107.0
1990-09-05,0.9868,0.9868,0.9776,0.9776,234892.0
1990-09-06,0.9776,0.9776,0.9684,0.9776,339287.0
1990-09-07,0.9593,0.9776,0.9593,0.9776,805813.0
1990-09-10,0.9868,0.9963,0.9776,0.9776,807444.0
1990-09-11,0.9593,0.9776,0.9593,0.9776,1536590.0
1990-09-12,0.9776,1.0057,0.9776,1.0057,1725806.0
1990-09-13,1.0057,1.024,1.0057,1.024,928152.0
1990-09-14,1.024,1.024,1.0057,1.024,2099353.0
1990-09-17,1.0057,1.0057,0.9776,0.9868,1864461.0
1990-09-18,0.9868,0.9868,0.9403,0.9497,628011.0
1990-09-19,0.9497,0.9593,0.9403,0.9497,1410988.0
1990-09-20,0.9497,0.9497,0.8753,0.8753,1422405.0
1990-09-21,0.894,0.894,0.8753,0.894,1887295.0
1990-09-24,0.9029,0.9029,0.8381,0.8381,7537767.0
1990-09-25,0.8286,0.8471,0.8286,0.8286,7067979.0
1990-09-26,0.8381,0.8381,0.7916,0.8101,4900118.0
1990-09-27,0.8008,0.8286,0.7637,0.7916,3931186.0
1990-09-28,0.7916,0.8286,0.7728,0.8286,2019420.0
1990-10-01,0.8286,0.8564,0.8193,0.8471,3949131.0
1990-10-02,0.8659,0.9029,0.8659,0.894,5025721.0
1990-10-03,0.8843,0.9029,0.8659,0.8659,556242.0
1990-10-04,0.8564,0.8564,0.8286,0.8564,2120558.0
1990-10-05,0.8381,0.8753,0.8381,0.8564,588864.0
1990-10-08,0.8659,0.8659,0.8564,0.8659,624747.0
1990-10-09,0.8659,0.8753,0.8564,0.8564,960776.0
1990-10-10,0.8471,0.8659,0.8381,0.8659,605171.0
1990-10-11,0.8659,0.8659,0.8286,0.8286,1008083.0
1990-10-12,0.8286,0.8381,0.7916,0.8381,1719281.0
1990-10-15,0.8471,0.8753,0.8381,0.8659,3508709.0
1990-10-16,0.8659,0.8843,0.8659,0.8753,458367.0
1990-10-17,0.8659,0.9029,0.8659,0.8843,2538143.0
1990-10-18,0.9029,0.9684,0.9029,0.9497,5519975.0
1990-10-19,0.9868,0.9963,0.9776,0.9963,1921551.0
1990-10-22,0.9776,1.0799,0.9776,1.0613,4033954.0
1990-10-23,1.0613,1.0613,1.024,1.0613,3203674.0
1990-10-24,1.0522,1.0522,1.024,1.043,1585526.0
1990-10-25,1.0337,1.043,1.024,1.043,926519.0
1990-10-26,1.024,1.024,1.0152,1.024,1510488.0
1990-10-29,1.0152,1.024,1.0152,1.0152,665530.0
1990-10-30,0.9963,1.0152,0.9963,1.0152,4653804.0
1990-10-31,1.0152,1.0152,0.9963,1.0057,1060274.0
1990-11-01,1.0057,1.0057,0.9963,0.9963,1908501.0
1990-11-02,0.9963,1.0057,0.9963,1.0057,3241194.0
1990-11-05,0.9963,1.0152,0.9963,1.0152,1704600.0
1990-11-06,1.0152,1.024,0.9963,1.0057,2115659.0
1990-11-07,1.0152,1.0152,0.9868,0.9868,962409.0
1990-11-08,0.9776,0.9868,0.9593,0.9593,1269069.0
1990-11-09,0.9593,0.9963,0.9593,0.9963,577445.0
1990-11-12,0.9963,1.0522,0.9963,1.043,1800841.0
1990-11-13,1.043,1.0522,1.024,1.0522,2469631.0
1990-11-14,1.0337,1.0522,1.0337,1.0337,1717652.0
1990-11-15,1.024,1.024,0.9963,1.0057,1326163.0
1990-11-16,1.0057,1.0152,0.9963,1.0057,782973.0
1990-11-19,1.0057,1.043,0.9963,1.043,1410988.0
1990-11-20,1.0522,1.0613,1.043,1.0522,2091196.0
1990-11-21,1.043,1.0613,1.024,1.024,3291760.0
1990-11-23,1.024,1.0337,1.024,1.024,445320.0
1990-11-26,1.024,1.0337,1.0057,1.0057,2252683.0
1990-11-27,1.0152,1.024,1.0152,1.024,928152.0
1990-11-28,1.024,1.0337,1.024,1.024,712831.0
1990-11-29,1.0152,1.0337,1.0152,1.024,858009.0
1990-11-30,1.024,1.0522,1.024,1.0522,1304959.0
1990-12-03,1.0799,1.1453,1.0708,1.1363,4859338.0
1990-12-04,1.1363,1.1733,1.1078,1.1453,2885588.0
1990-12-05,1.1453,1.1453,1.0988,1.1267,4639122.0
1990-12-06,1.201,1.201,1.1733,1.1826,5185579.0
1990-12-07,1.1638,1.1733,1.1363,1.1638,1205456.0
1990-12-10,1.1453,1.1544,1.1078,1.1267,1662190.0
1990-12-11,1.1267,1.1453,1.1267,1.1363,582336.0
1990-12-12,1.1267,1.1638,1.1267,1.1638,825384.0
1990-12-13,1.1544,1.1638,1.1078,1.1078,2241264.0
1990-12-14,1.1169,1.1267,1.0708,1.0988,1820416.0
1990-12-17,1.0988,1.0988,1.0799,1.0988,988508.0
1990-12-18,1.0892,1.1169,1.0892,1.1078,769925.0
1990-12-19,1.1169,1.1169,1.0799,1.0892,319713.0
1990-12-20,1.0708,1.0892,1.0613,1.0892,435531.0
1990-12-21,1.0892,1.0988,1.0708,1.0708,1477864.0
1990-12-24,1.0522,1.0522,1.024,1.0522,360493.0
1990-12-26,1.0522,1.0799,1.0522,1.0708,130495.0
1990-12-27,1.0708,1.0708,1.043,1.0522,1278862.0
1990-12-28,1.0613,1.0613,1.024,1.043,419218.0
1990-12-31,1.0337,1.0522,1.024,1.0522,365389.0
1991-01-02,1.0337,1.043,1.024,1.024,260993.0
1991-01-03,1.024,1.0522,1.024,1.0337,1259284.0
1991-01-04,1.024,1.0337,0.9963,1.0057,1008083.0
1991-01-07,0.9868,0.9963,0.9868,0.9868,778078.0
1991-01-08,0.9868,1.0522,0.9868,1.0522,1223399.0
1991-01-09,1.0522,1.0988,1.0522,1.0613,2339137.0
1991-01-10,1.0613,1.0799,1.0613,1.0613,525245.0
1991-01-11,1.0708,1.0892,1.0708,1.0799,1216877.0
1991-01-14,1.0613,1.0892,1.0522,1.0892,1061910.0
1991-01-15,1.0988,1.1169,1.0708,1.0708,2505521.0
1991-01-16,1.0522,1.1267,1.043,1.1267,1807368.0
1991-01-17,1.2568,1.2568,1.1826,1.2291,17210770.0
1991-01-18,1.2196,1.2665,1.1915,1.2474,7788969.0
1991-01-21,1.2384,1.322,1.2196,1.2944,4898491.0
1991-01-22,1.2756,1.2756,1.2105,1.2291,4366716.0
1991-01-23,1.2196,1.2568,1.201,1.2568,5748341.0
1991-01-24,1.2568,1.3686,1.2568,1.3597,5356855.0
1991-01-25,1.35,1.35,1.2851,1.2851,3487501.0
1991-01-28,1.2944,1.3314,1.2851,1.3127,3885516.0
1991-01-29,1.322,1.3406,1.3034,1.3127,3335799.0
1991-01-30,1.3406,1.4058,1.3406,1.3777,6402450.0
1991-01-31,1.3777,1.443,1.3777,1.4153,4170971.0
1991-02-01,1.3966,1.4058,1.3597,1.3686,1779638.0
1991-02-04,1.3966,1.443,1.3777,1.4244,3968703.0
1991-02-05,1.443,1.4805,1.3777,1.4619,6542736.0
1991-02-06,1.4525,1.5641,1.4338,1.5548,6095788.0
1991-02-07,1.5641,1.5823,1.5178,1.5178,6431814.0
1991-02-08,1.5084,1.5178,1.4805,1.4898,3143319.0
1991-02-11,1.4898,1.5641,1.4805,1.5641,2063464.0
1991-02-12,1.5364,1.5453,1.5178,1.5178,1737223.0
1991-02-13,1.5084,1.5364,1.4805,1.5364,3988279.0
1991-02-14,1.5548,1.5548,1.4713,1.4805,4074731.0
1991-02-15,1.5084,1.5736,1.5084,1.5641,7420318.0
1991-02-19,1.5736,1.5736,1.5364,1.5453,1778007.0
1991-02-20,1.5641,1.5641,1.5364,1.5364,5611322.0
1991-02-21,1.5364,1.5548,1.5178,1.5364,3642465.0
1991-02-22,1.5269,1.5736,1.5269,1.5548,2313042.0
1991-02-25,1.5641,1.5919,1.5641,1.5919,6165930.0
1991-02-26,1.5736,1.5823,1.5641,1.5736,1358787.0
1991-02-27,1.5736,1.6015,1.5641,1.5736,4533100.0
1991-02-28,1.6201,1.6201,1.5823,1.6015,5699404.0
1991-03-01,1.5823,1.6571,1.5823,1.6201,5117069.0
1991-03-04,1.6201,1.6759,1.6201,1.6571,1750273.0
1991-03-05,1.6571,1.7039,1.6571,1.6947,2790980.0
1991-03-06,1.6947,1.7039,1.6571,1.6667,3295020.0
1991-03-07,1.6479,1.6571,1.6201,1.6201,2742043.0
1991-03-08,1.6384,1.6571,1.6015,1.6015,2988354.0
1991-03-11,1.5919,1.5919,1.5641,1.5823,566024.0
1991-03-12,1.5736,1.5823,1.5453,1.5641,2529988.0
1991-03-13,1.5548,1.5823,1.5269,1.5823,2564244.0
1991-03-14,1.5823,1.6106,1.5823,1.5919,1210349.0
1991-03-15,1.6106,1.6106,1.5364,1.5364,3671825.0
1991-03-18,1.5364,1.5641,1.5178,1.5641,1388149.0
1991-03-19,1.5548,1.5548,1.5364,1.5364,696525.0
1991-03-20,1.5269,1.5548,1.5269,1.5364,2905163.0
1991-03-21,1.5364,1.5453,1.5178,1.5364,2813817.0
1991-03-22,1.5364,1.5364,1.5178,1.5269,487730.0
1991-03-25,1.5269,1.5364,1.5269,1.5364,1994953.0
1991-03-26,1.5364,1.6384,1.5364,1.6295,4338985.0
1991-03-27,1.6384,1.6667,1.6384,1.6571,1579004.0
1991-03-28,1.6759,1.7039,1.6667,1.685,3306437.0
1991-04-01,1.6947,1.6947,1.6571,1.6947,3042182.0
1991-04-02,1.6947,1.769,1.6947,1.741,3792534.0
1991-04-03,1.7596,1.769,1.7318,1.769,4707636.0
1991-04-04,1.7596,1.7879,1.7318,1.7318,1660558.0
1991-04-05,1.7318,1.7318,1.7039,1.7132,2216797.0
1991-04-08,1.7132,1.7132,1.6571,1.6571,1251130.0
1991-04-09,1.6571,1.6571,1.6295,1.6384,1291906.0
1991-04-10,1.6384,1.6384,1.5823,1.5919,1332686.0
1991-04-11,1.5919,1.6571,1.5919,1.6571,1616516.0
1991-04-12,1.6667,1.6667,1.6201,1.6295,1172833.0
1991-04-15,1.6384,1.6384,1.6106,1.6201,595384.0
1991-04-16,1.6106,1.6201,1.5823,1.6201,5061608.0
1991-04-17,1.6106,1.6571,1.5919,1.6571,7036987.0
1991-04-18,1.6384,1.6384,1.6201,1.6201,2058569.0
1991-04-19,1.6295,1.6295,1.5823,1.5823,820489.0
1991-04-22,1.5823,1.5823,1.5269,1.5269,2246159.0
1991-04-23,1.4898,1.499,1.3966,1.443,13180080.0
1991-04-24,1.4525,1.4525,1.4153,1.4338,6629190.0
1991-04-25,1.443,1.5269,1.443,1.499,7441525.0
1991-04-26,1.4713,1.4898,1.4619,1.4805,3709346.0
1991-04-29,1.4805,1.4805,1.3966,1.4153,4947423.0
1991-04-30,1.4153,1.4338,1.3872,1.4153,3337431.0
1991-05-01,1.4338,1.5178,1.4058,1.4525,6229547.0
1991-05-02,1.499,1.499,1.4619,1.4619,6581881.0
1991-05-03,1.4713,1.5453,1.4619,1.5453,2807294.0
1991-05-06,1.5364,1.5823,1.5364,1.5453,4298206.0
1991-05-07,1.5641,1.5641,1.5178,1.5364,1200560.0
1991-05-08,1.5178,1.5178,1.499,1.499,1383257.0
1991-05-09,1.5178,1.5364,1.499,1.5178,5529759.0
1991-05-10,1.5269,1.5269,1.499,1.499,2335875.0
1991-05-13,1.499,1.5178,1.443,1.4619,3423884.0
1991-05-14,1.4619,1.4619,1.4244,1.4338,2619704.0
1991-05-15,1.4338,1.4338,1.3777,1.3872,3040552.0
1991-05-16,1.3966,1.4525,1.3966,1.4525,4241115.0
1991-05-17,1.443,1.443,1.4244,1.4244,1406092.0
1991-05-20,1.4338,1.443,1.3872,1.3966,456735.0
1991-05-21,1.3966,1.3966,1.3127,1.3127,3295020.0
1991-05-22,1.35,1.4153,1.3406,1.3872,3515230.0
1991-05-23,1.3872,1.3966,1.3686,1.3872,2224955.0
1991-05-24,1.3966,1.4058,1.3686,1.3872,1167937.0
1991-05-28,1.3966,1.4244,1.3966,1.4244,1215242.0
1991-05-29,1.4338,1.4805,1.4338,1.4805,2688218.0
1991-05-30,1.4713,1.5084,1.4619,1.499,3644094.0
1991-05-31,1.5178,1.5453,1.5084,1.5453,3635937.0
1991-06-03,1.5364,1.5548,1.5269,1.5453,3702817.0
1991-06-04,1.5548,1.5641,1.5269,1.5548,2074883.0
1991-06-05,1.5641,1.5823,1.5548,1.5641,2707789.0
1991-06-06,1.5736,1.6479,1.5641,1.6295,4167711.0
1991-06-07,1.6201,1.6295,1.6015,1.6106,4334089.0
1991-06-10,1.6201,1.6201,1.5823,1.5919,732408.0
1991-06-11,1.6106,1.6201,1.6106,1.6201,2430482.0
1991-06-12,1.6106,1.6106,1.5548,1.5548,2495733.0
1991-06-13,1.5548,1.5823,1.5364,1.5823,822124.0
1991-06-14,1.6106,1.6201,1.5919,1.5919,4361826.0
1991-06-17,1.6015,1.6015,1.5823,1.5919,2022690.0
1991-06-18,1.5919,1.5919,1.5736,1.5823,2379919.0
1991-06-19,1.5823,1.5823,1.5269,1.5453,3768065.0
1991-06-20,1.5364,1.5453,1.5084,1.5269,1903608.0
1991-06-21,1.5364,1.5364,1.5084,1.5084,2694739.0
1991-06-24,1.4713,1.4898,1.4338,1.4619,3632678.0
1991-06-25,1.4713,1.4805,1.443,1.4525,1503965.0
1991-06-26,1.4525,1.4898,1.4525,1.4898,1337585.0
1991-06-27,1.5084,1.5269,1.4898,1.5178,3237926.0
1991-06-28,1.5364,1.5736,1.5364,1.5641,4568988.0
1991-07-01,1.5736,1.6201,1.5736,1.5919,1709497.0
1991-07-02,1.5919,1.6015,1.5178,1.5548,3634311.0
1991-07-03,1.5453,1.5919,1.5453,1.5919,858009.0
1991-07-05,1.5823,1.6015,1.5736,1.5823,776453.0
1991-07-08,1.5736,1.6295,1.5548,1.6201,2745309.0
1991-07-09,1.6201,1.6295,1.6201,1.6295,4077996.0
1991-07-10,1.6295,1.6295,1.5823,1.5823,2777930.0
1991-07-11,1.5919,1.5919,1.5823,1.5823,924888.0
1991-07-12,1.5823,1.6295,1.5823,1.6106,1624674.0
1991-07-15,1.6384,1.6384,1.6295,1.6295,1973751.0
1991-07-16,1.6384,1.6479,1.6201,1.6295,1331060.0
1991-07-17,1.6295,1.6295,1.6015,1.6106,608435.0
1991-07-18,1.6015,1.6201,1.5823,1.5919,1636092.0
1991-07-19,1.6106,1.6106,1.5919,1.5919,681840.0
1991-07-22,1.5919,1.5919,1.5548,1.5641,1058647.0
1991-07-23,1.5453,1.5453,1.5084,1.5084,4748416.0
1991-07-24,1.5178,1.5364,1.4805,1.499,3725654.0
1991-07-25,1.499,1.5823,1.4805,1.5823,1574106.0
1991-07-26,1.5736,1.5736,1.5548,1.5641,900422.0
1991-07-29,1.5641,1.5736,1.5548,1.5736,1495810.0
1991-07-30,1.5641,1.6201,1.5453,1.6106,1778007.0
1991-07-31,1.6106,1.6295,1.6106,1.6295,3086227.0
1991-08-01,1.6295,1.6295,1.6106,1.6295,1446874.0
1991-08-02,1.6295,1.6295,1.6015,1.6201,1986798.0
1991-08-05,1.6201,1.6201,1.5823,1.6015,3309699.0
1991-08-06,1.5823,1.5823,1.5736,1.5823,3399418.0
1991-08-07,1.5823,1.5919,1.5641,1.5919,4415656.0
1991-08-08,1.6015,1.6295,1.5823,1.5823,3949131.0
1991-08-09,1.5736,1.5736,1.5548,1.5641,2417438.0
1991-08-12,1.5641,1.5736,1.5548,1.5641,1251130.0
1991-08-13,1.5641,1.5641,1.5453,1.5453,632903.0
1991-08-14,1.5641,1.5641,1.5084,1.5178,2388073.0
1991-08-15,1.5269,1.5453,1.5178,1.5453,2578927.0
1991-08-16,1.5453,1.5548,1.5269,1.5364,1637724.0
1991-08-19,1.4619,1.5178,1.4619,1.4713,4520049.0
1991-08-20,1.4713,1.4805,1.4244,1.443,3079704.0
1991-08-21,1.4713,1.4898,1.4713,1.4805,3141685.0
1991-08-22,1.4713,1.4805,1.4338,1.4619,4407498.0
1991-08-23,1.4525,1.5084,1.4525,1.4898,2880694.0
1991-08-26,1.499,1.5178,1.499,1.5084,2835020.0
1991-08-27,1.5084,1.5084,1.4898,1.5084,1771480.0
1991-08-28,1.5084,1.5084,1.4898,1.499,928152.0
1991-08-29,1.499,1.5084,1.4898,1.499,1290278.0
1991-08-30,1.4805,1.5269,1.4619,1.4713,2477790.0
1991-09-03,1.4713,1.4713,1.4153,1.4244,3326012.0
1991-09-04,1.4153,1.4244,1.3686,1.4058,7222948.0
1991-09-05,1.4153,1.4244,1.3872,1.3872,1946024.0
1991-09-06,1.3966,1.3966,1.3314,1.3597,4595085.0
1991-09-09,1.35,1.3966,1.35,1.3872,2032472.0
1991-09-10,1.3966,1.4153,1.3966,1.4058,1559425.0
1991-09-11,1.4058,1.443,1.3966,1.4244,1645877.0
1991-09-12,1.4153,1.4713,1.3966,1.4525,8107055.0
1991-09-13,1.5084,1.5084,1.4619,1.4713,6966850.0
1991-09-16,1.4619,1.4805,1.443,1.4805,2764880.0
1991-09-17,1.4713,1.4805,1.443,1.4619,4321042.0
1991-09-18,1.443,1.4713,1.443,1.4713,2556088.0
1991-09-19,1.4713,1.4805,1.4619,1.4713,2339137.0
1991-09-20,1.4713,1.4805,1.4619,1.4805,4077996.0
1991-09-23,1.4805,1.4805,1.4713,1.4805,1300068.0
1991-09-24,1.4805,1.4898,1.4713,1.4898,623117.0
1991-09-25,1.4805,1.4805,1.4619,1.4619,810705.0
1991-09-26,1.4619,1.4805,1.4525,1.4805,2640910.0
1991-09-27,1.4805,1.5178,1.4805,1.4898,3241194.0
1991-09-30,1.4898,1.499,1.4713,1.4713,1262546.0
1991-10-01,1.4713,1.5178,1.4713,1.5178,2141761.0
1991-10-02,1.5178,1.5548,1.5084,1.5178,3210197.0
1991-10-03,1.5178,1.5178,1.4898,1.499,4120405.0
1991-10-04,1.499,1.5084,1.4898,1.499,1637724.0
1991-10-07,1.499,1.5084,1.4805,1.4805,1088009.0
1991-10-08,1.499,1.5178,1.4898,1.5084,2879065.0
1991-10-09,1.5084,1.5178,1.5084,1.5178,747088.0
1991-10-10,1.499,1.5269,1.499,1.5269,1536590.0
1991-10-11,1.5269,1.5641,1.5269,1.5548,2998145.0
1991-10-14,1.5823,1.5919,1.5641,1.5919,2472899.0
1991-10-15,1.5919,1.6015,1.5823,1.6015,2278783.0
1991-10-16,1.5919,1.6759,1.5919,1.6759,6784154.0
1991-10-17,1.6759,1.7132,1.6479,1.7039,3805583.0
1991-10-18,1.7132,1.7132,1.6571,1.6759,1942757.0
1991-10-21,1.6571,1.6667,1.5919,1.6295,1825310.0
1991-10-22,1.6295,1.6667,1.6295,1.6384,1994953.0
1991-10-23,1.6384,1.6479,1.6106,1.6106,636168.0
1991-10-24,1.6201,1.6201,1.5919,1.5919,675318.0
1991-10-25,1.5919,1.6015,1.5823,1.6015,1257655.0
1991-10-28,1.5919,1.6384,1.5919,1.6384,1970489.0
1991-10-29,1.6479,1.6667,1.6384,1.6667,833539.0
1991-10-30,1.6667,1.7224,1.6667,1.7224,2564244.0
1991-10-31,1.7224,1.7318,1.6947,1.7039,1306590.0
1991-11-01,1.6947,1.7039,1.6759,1.685,2084672.0
1991-11-04,1.7132,1.7132,1.6667,1.6667,1613256.0
1991-11-05,1.6667,1.6667,1.6106,1.6106,1071699.0
1991-11-06,1.6106,1.6106,1.5548,1.5919,5459621.0
1991-11-07,1.5919,1.6667,1.5919,1.6667,1316375.0
1991-11-08,1.6759,1.6759,1.6384,1.6384,2591973.0
1991-11-11,1.6295,1.6384,1.6295,1.6384,1195669.0
1991-11-12,1.6384,1.6384,1.6295,1.6295,2733887.0
1991-11-13,1.6201,1.6384,1.5919,1.6384,3241194.0
1991-11-14,1.7132,1.7596,1.7132,1.7596,5973446.0
1991-11-15,1.7596,1.8248,1.6571,1.6571,6276851.0
1991-11-18,1.685,1.7501,1.685,1.741,3993173.0
1991-11-19,1.741,1.741,1.6571,1.7132,2996508.0
1991-11-20,1.7132,1.7224,1.685,1.7039,1900342.0
1991-11-21,1.6947,1.7132,1.685,1.7132,1787795.0
1991-11-22,1.7132,1.7224,1.7132,1.7224,1949280.0
1991-11-25,1.7132,1.7132,1.6571,1.6571,2259210.0
1991-11-26,1.6759,1.7039,1.6759,1.6947,1640985.0
1991-11-27,1.6947,1.7783,1.6947,1.7596,3342321.0
1991-11-29,1.7596,1.769,1.741,1.741,1345737.0
1991-12-02,1.7224,1.7879,1.7039,1.769,2606656.0
1991-12-03,1.769,1.8063,1.769,1.7967,3405940.0
1991-12-04,1.7879,1.862,1.7879,1.8529,8810100.0
1991-12-05,1.8435,1.862,1.8343,1.8435,2273888.0
1991-12-06,1.8435,1.8805,1.8248,1.8805,4436855.0
1991-12-09,1.8805,1.918,1.7783,1.7783,8483863.0
1991-12-10,1.769,1.8805,1.7596,1.8805,5753235.0
1991-12-11,1.8713,1.8713,1.8343,1.8343,2510413.0
1991-12-12,1.8529,1.9272,1.8435,1.9272,4777777.0
1991-12-13,1.9554,1.9738,1.9272,1.9554,3298283.0
1991-12-16,1.9554,2.0204,1.9554,1.9738,4343881.0
1991-12-17,1.9649,1.9649,1.8994,1.9272,2838282.0
1991-12-18,1.9086,1.9459,1.8994,1.9363,2764880.0
1991-12-19,1.9363,1.9459,1.918,1.9272,1817155.0
1991-12-20,1.9363,1.9925,1.9272,1.9925,2267362.0
1991-12-23,1.9738,2.1042,1.9738,2.039,4061683.0
1991-12-24,2.039,2.0669,1.9925,2.0483,2402751.0
1991-12-26,2.039,2.0856,2.039,2.0761,1003186.0
1991-12-27,2.095,2.095,2.0761,2.0856,1117372.0
1991-12-30,2.0856,2.1134,2.0761,2.1134,2753461.0
1991-12-31,2.1042,2.1134,2.039,2.0577,2663746.0
1992-01-02,2.0297,2.0297,1.9554,2.0019,5534655.0
1992-01-03,2.0204,2.0577,2.0019,2.0483,2495733.0
1992-01-06,2.0483,2.1229,2.0483,2.1134,1805737.0
1992-01-07,2.095,2.1787,2.095,2.1602,4130193.0
1992-01-08,2.1509,2.1695,2.0577,2.1322,4130193.0
1992-01-09,2.1322,2.1414,2.0204,2.0483,4159554.0
1992-01-10,2.039,2.0856,2.039,2.0761,1753540.0
1992-01-13,2.095,2.1322,2.0483,2.1134,4859338.0
1992-01-14,2.1229,2.1322,2.0761,2.1134,3340691.0
1992-01-15,2.1134,2.253,2.1134,2.2347,6523163.0
1992-01-16,2.3182,2.3276,2.2347,2.272,7811807.0
1992-01-17,2.253,2.253,2.1414,2.1695,3358637.0
1992-01-20,2.1787,2.1787,2.1134,2.1134,2016163.0
1992-01-21,2.095,2.095,1.9925,1.9925,4663596.0
1992-01-22,2.0019,2.0761,2.0019,2.0761,2551193.0
1992-01-23,2.0856,2.1322,2.0761,2.1042,2512046.0
1992-01-24,2.1134,2.1229,2.0761,2.1229,1203824.0
1992-01-27,2.1602,2.1787,2.095,2.095,2430482.0
1992-01-28,2.1134,2.1134,2.0483,2.0483,923256.0
1992-01-29,2.039,2.039,2.0112,2.039,3342321.0
1992-01-30,2.0483,2.0669,2.0204,2.0483,3407572.0
1992-01-31,2.0577,2.0577,1.9738,1.9738,1543109.0
1992-02-03,1.9738,2.0019,1.9554,2.0019,1817155.0
1992-02-04,2.0019,2.039,1.9554,2.0297,1954172.0
1992-02-05,2.039,2.1322,2.039,2.0761,5399263.0
1992-02-06,2.0761,2.1695,2.0761,2.1602,4642391.0
1992-02-07,2.1695,2.1973,2.1229,2.1229,2410909.0
1992-02-10,2.1229,2.1695,2.1134,2.1695,1985167.0
1992-02-11,2.1879,2.2904,2.1879,2.2347,24373361.0
1992-02-12,2.253,2.3649,2.2347,2.3556,9105346.0
1992-02-13,2.3371,2.3556,2.2904,2.2997,6302949.0
1992-02-14,2.3092,2.3276,2.2904,2.3182,2547932.0
1992-02-18,2.4116,2.4116,2.3832,2.3928,5146432.0
1992-02-19,2.3928,2.3928,2.3371,2.3832,4691324.0
1992-02-20,2.3649,2.3928,2.3556,2.3928,10687609.0
1992-02-21,2.3832,2.4674,2.3832,2.4583,4414020.0
1992-02-24,2.4116,2.439,2.3928,2.439,3622889.0
1992-02-25,2.439,2.4583,2.3832,2.3928,6381247.0
1992-02-26,2.3928,2.3928,2.3742,2.3928,1753540.0
1992-02-27,2.3928,2.3928,2.3556,2.3832,3298283.0
1992-02-28,2.3928,2.3928,2.3742,2.3742,2138500.0
1992-03-02,2.3832,2.4766,2.3832,2.4766,275673.0
1992-03-03,2.4486,2.5046,2.4486,2.4486,3573958.0
1992-03-04,2.4674,2.486,2.43,2.439,2916580.0
1992-03-05,2.43,2.439,2.3742,2.3832,1179355.0
1992-03-06,2.3832,2.4023,2.2997,2.3092,1663821.0
1992-03-09,2.3182,2.3276,2.2997,2.3092,1474604.0
1992-03-10,2.3182,2.4023,2.3182,2.3742,1499068.0
1992-03-11,2.3742,2.3742,2.2904,2.3276,2993249.0
1992-03-12,2.3276,2.3556,2.3182,2.3556,1238075.0
1992-03-13,2.3556,2.3556,2.3276,2.3371,1482760.0
1992-03-16,2.3371,2.3556,2.3276,2.3464,1373468.0
1992-03-17,2.3464,2.3742,2.3464,2.3649,1996586.0
1992-03-18,2.3556,2.3832,2.3371,2.3832,3275446.0
1992-03-19,2.3928,2.3928,2.3556,2.3556,3423884.0
1992-03-20,2.3649,2.3649,2.3092,2.3092,1370208.0
1992-03-23,2.3182,2.3182,2.2809,2.2809,2014526.0
1992-03-24,2.2904,2.2904,2.1879,2.2347,4498842.0
1992-03-25,2.225,2.225,2.1879,2.2068,3587004.0
1992-03-26,2.2158,2.225,2.2068,2.2158,1955807.0
1992-03-27,2.2158,2.2347,2.2068,2.2068,1592052.0
1992-03-30,2.2068,2.2809,2.2068,2.272,6099047.0
1992-03-31,2.272,2.2904,2.2628,2.272,4156293.0
1992-04-01,2.272,2.272,2.2439,2.2628,2303251.0
1992-04-02,2.2628,2.272,2.2347,2.2439,3648989.0
1992-04-03,2.2347,2.2347,2.1879,2.2068,919994.0
1992-04-06,2.1879,2.1973,2.1602,2.1879,1949280.0
1992-04-07,2.1973,2.2068,2.1322,2.1322,3407572.0
1992-04-08,2.1414,2.1602,2.1134,2.1509,2094458.0
1992-04-09,2.1509,2.272,2.1509,2.272,4645651.0
1992-04-10,2.3092,2.3556,2.3092,2.3182,3864311.0
1992-04-13,2.3182,2.3649,2.2997,2.3649,3066652.0
1992-04-14,2.3832,2.3928,2.3649,2.3832,2193959.0
1992-04-15,2.3649,2.3832,2.3371,2.3556,1003186.0
1992-04-16,2.3556,2.3556,2.2809,2.2809,3391263.0
1992-04-20,2.2809,2.2904,2.2439,2.2439,745455.0
1992-04-21,2.2439,2.2439,2.1787,2.1879,3190621.0
1992-04-22,2.1787,2.1787,2.1322,2.1414,1950913.0
1992-04-23,2.1414,2.253,2.1414,2.253,2985091.0
1992-04-24,2.225,2.2628,2.1787,2.2439,1350632.0
1992-04-27,2.2439,2.253,2.2068,2.225,3572322.0
1992-04-28,2.2347,2.2904,2.2068,2.2904,1440349.0
1992-04-29,2.3276,2.3742,2.3182,2.3742,3244447.0
1992-04-30,2.3742,2.439,2.3742,2.3832,3236297.0
1992-05-01,2.4023,2.43,2.2997,2.3276,2097720.0
1992-05-04,2.3371,2.3649,2.3276,2.3556,2375023.0
1992-05-05,2.3556,2.5232,2.3556,2.5232,4247639.0
1992-05-06,2.514,2.6627,2.514,2.6537,8619248.0
1992-05-07,2.6723,2.6723,2.5603,2.6444,4622814.0
1992-05-08,2.6537,2.6537,2.5883,2.6258,4639122.0
1992-05-11,2.5979,2.6817,2.5979,2.6817,5410684.0
1992-05-12,2.6817,2.6817,2.6162,2.6258,2839914.0
1992-05-13,2.6069,2.6069,2.5511,2.5788,4717422.0
1992-05-14,2.5788,2.5788,2.439,2.4674,5435153.0
1992-05-15,2.4674,2.5232,2.4674,2.514,1076591.0
1992-05-18,2.5232,2.5417,2.514,2.5232,1037441.0
1992-05-19,2.5232,2.5979,2.514,2.5788,2218430.0
1992-05-20,2.5788,2.6537,2.5603,2.635,4366716.0
1992-05-21,2.6258,2.6999,2.6069,2.6999,3131902.0
1992-05-22,2.6817,2.7187,2.6537,2.6999,4427071.0
1992-05-26,2.6817,2.6999,2.6444,2.6537,4151399.0
1992-05-27,2.6537,2.6817,2.6258,2.6723,3516862.0
1992-05-28,2.6258,2.6444,2.5511,2.6258,11362926.0
1992-05-29,2.6162,2.6258,2.5788,2.5979,5767917.0
1992-06-01,2.5883,2.6537,2.5417,2.6444,3494030.0
1992-06-02,2.6444,2.6723,2.6258,2.6537,1808999.0
1992-06-03,2.6627,2.6999,2.6627,2.6909,3097644.0
1992-06-04,2.6999,2.812,2.6909,2.7655,3370054.0
1992-06-05,2.7655,2.849,2.7376,2.8398,4632601.0
1992-06-08,2.8398,2.8398,2.7837,2.8026,2649065.0
1992-06-09,2.7932,2.8026,2.6909,2.7187,3056866.0
1992-06-10,2.6999,2.7187,2.6817,2.7091,1983538.0
1992-06-11,2.6999,2.7091,2.6627,2.6627,2406015.0
1992-06-12,2.6627,2.7376,2.6627,2.6909,1931337.0
1992-06-15,2.6817,2.6817,2.6258,2.6537,2397861.0
1992-06-16,2.6723,2.7559,2.6723,2.7559,1864461.0
1992-06-17,2.7467,2.7467,2.6627,2.6627,1960698.0
1992-06-18,2.6723,2.6817,2.5979,2.6817,3376580.0
1992-06-19,2.6909,2.6999,2.6723,2.6723,1012973.0
1992-06-22,2.6537,2.6537,2.5697,2.5788,1733965.0
1992-06-23,2.5979,2.6162,2.5883,2.6162,2306516.0
1992-06-24,2.6162,2.6723,2.6069,2.6723,1942757.0
1992-06-25,2.5979,2.5979,2.5232,2.5232,7386066.0
1992-06-26,2.514,2.514,2.4766,2.486,2327718.0
1992-06-29,2.4954,2.5788,2.4954,2.5788,1833470.0
1992-06-30,2.5788,2.6444,2.5697,2.5883,3110693.0
1992-07-01,2.5697,2.6258,2.5232,2.5323,3588637.0
1992-07-02,2.5323,2.5323,2.4209,2.5046,3533175.0
1992-07-06,2.5232,2.5979,2.5232,2.5788,1776375.0
1992-07-07,2.5979,2.6817,2.5979,2.6627,3449984.0
1992-07-08,2.6537,2.6537,2.5788,2.5788,3828422.0
1992-07-09,2.5883,2.6162,2.5883,2.5883,659005.0
1992-07-10,2.5697,2.5883,2.5511,2.5603,1587152.0
1992-07-13,2.5603,2.5883,2.5511,2.5883,1443607.0
1992-07-14,2.5883,2.5883,2.5417,2.5697,978717.0
1992-07-15,2.5883,2.6537,2.5697,2.6444,1699709.0
1992-07-16,2.6444,2.7187,2.6444,2.6537,2120558.0
1992-07-17,2.6258,2.6444,2.5979,2.6258,1432192.0
1992-07-20,2.4116,2.5232,2.4116,2.486,2394598.0
1992-07-21,2.5511,2.5979,2.5046,2.5788,2179282.0
1992-07-22,2.6069,2.6069,2.5511,2.5788,2360341.0
1992-07-23,2.5697,2.5697,2.4116,2.5046,3661226.0
1992-07-24,2.4766,2.5788,2.4583,2.5697,1436270.0
1992-07-27,2.5697,2.6258,2.5697,2.6258,1227472.0
1992-07-28,2.6069,2.6444,2.5788,2.6069,1794319.0
1992-07-29,2.6258,2.6258,2.5697,2.5979,1350632.0
1992-07-30,2.5979,2.6999,2.5979,2.6999,2180911.0
1992-07-31,2.7744,2.7744,2.6909,2.6909,2071622.0
1992-08-03,2.6723,2.6909,2.6069,2.6069,3587817.0
1992-08-04,2.6258,2.6444,2.6258,2.6444,787868.0
1992-08-05,2.6909,2.6909,2.5697,2.5697,1671976.0
1992-08-06,2.5697,2.5979,2.5511,2.5511,990140.0
1992-08-07,2.5323,2.6258,2.5232,2.5697,1242970.0
1992-08-10,2.6537,2.6723,2.6444,2.6537,1252758.0
1992-08-11,2.6909,2.7281,2.6537,2.6909,1389782.0
1992-08-12,2.6999,2.6999,2.6909,2.6999,691626.0
1992-08-13,2.7187,2.7281,2.6537,2.6537,2100984.0
1992-08-14,2.7187,2.7187,2.6537,2.6909,1447686.0
1992-08-17,2.7187,2.7655,2.6999,2.7655,1353893.0
1992-08-18,2.7467,2.7655,2.6723,2.6999,1794319.0
1992-08-19,2.6909,2.6999,2.6069,2.6444,3062577.0
1992-08-20,2.6258,2.6444,2.5697,2.6069,1663005.0
1992-08-21,2.6258,2.6258,2.5697,2.5979,697339.0
1992-08-24,2.5511,2.5788,2.5232,2.5788,1096983.0
1992-08-25,2.5788,2.5979,2.5511,2.5788,840067.0
1992-08-26,2.5697,2.5697,2.5323,2.5697,661450.0
1992-08-27,2.5511,2.5697,2.5323,2.5697,601909.0
1992-08-28,2.5697,2.6069,2.5323,2.5697,1048041.0
1992-08-31,2.5697,2.6162,2.5417,2.5697,799289.0
1992-09-01,2.5788,2.7187,2.5788,2.6999,1963962.0
1992-09-02,2.6999,2.8862,2.6909,2.8398,2394598.0
1992-09-03,2.8398,2.9794,2.8398,2.8862,4884621.0
1992-09-04,2.9422,2.9422,2.8678,2.8955,2622151.0
1992-09-08,2.8955,2.8955,2.821,2.8585,946094.0
1992-09-09,2.8862,2.8955,2.8398,2.8678,1594496.0
1992-09-10,2.8585,2.9143,2.8585,2.8678,2119738.0
1992-09-11,2.8398,2.933,2.8398,2.933,2322826.0
1992-09-14,2.9609,3.0073,2.9143,2.933,1437084.0
1992-09-15,2.8955,2.9422,2.8862,2.9143,1418326.0
1992-09-16,2.8678,2.9422,2.8678,2.9422,1543928.0
1992-09-17,2.933,3.0166,2.933,3.0073,2186620.0
1992-09-18,2.9888,3.0166,2.9609,2.9609,1818787.0
1992-09-21,2.9888,3.0073,2.9609,2.9888,1015422.0
1992-09-22,2.9888,3.0166,2.9794,3.0073,1284565.0
1992-09-23,3.0073,3.0073,2.9422,2.9422,370282.0
1992-09-24,2.9422,2.9794,2.8862,2.8862,880846.0
1992-09-25,2.8955,2.8955,2.7744,2.812,1595313.0
1992-09-28,2.821,2.8398,2.7187,2.7932,2370129.0
1992-09-29,2.812,2.812,2.7467,2.7744,474680.0
1992-09-30,2.7744,2.8862,2.7744,2.8398,1536590.0
1992-10-01,2.8678,2.9609,2.821,2.9609,993400.0
1992-10-02,2.9794,3.0631,2.8955,2.9143,1686658.0
1992-10-05,2.8398,2.8862,2.6723,2.8862,2253498.0
1992-10-06,2.933,2.933,2.8585,2.8955,968115.0
1992-10-07,2.8955,2.8955,2.7655,2.7932,811519.0
1992-10-08,2.8585,2.8585,2.7467,2.812,724253.0
1992-10-09,2.821,2.821,2.7932,2.812,1579814.0
1992-10-12,2.7932,2.8398,2.7932,2.8398,393118.0
1992-10-13,2.821,2.9422,2.821,2.8955,2203748.0
1992-10-14,2.8955,2.8955,2.7932,2.812,844958.0
1992-10-15,2.7932,2.9888,2.7932,2.9888,1987611.0
1992-10-16,3.0073,3.0166,2.9422,2.9794,1169570.0
1992-10-19,2.9888,3.0073,2.8585,2.933,1346554.0
1992-10-20,2.933,3.0166,2.933,2.9794,1533326.0
1992-10-21,3.0073,3.0073,2.8862,2.9422,2161339.0
1992-10-22,2.9609,2.9794,2.9143,2.933,1155705.0
1992-10-23,2.9143,2.9609,2.9143,2.9422,983610.0
1992-10-26,2.9609,3.0631,2.9609,3.0538,1681763.0
1992-10-27,3.0817,3.1095,3.0538,3.0631,1468077.0
1992-10-28,3.0631,3.0817,3.0538,3.0538,1242156.0
1992-10-29,3.0631,3.1374,2.9888,3.0538,3556828.0
1992-10-30,3.0538,3.0538,3.0073,3.0538,837620.0
1992-11-02,3.0538,3.0631,2.9888,2.9888,804181.0
1992-11-03,2.9888,3.0166,2.9888,3.0073,1144285.0
1992-11-04,3.0073,3.0538,3.0073,3.0538,619856.0
1992-11-05,3.0538,3.1006,3.0351,3.0631,1189138.0
1992-11-06,3.0817,3.1006,3.0351,3.0817,1275596.0
1992-11-09,3.1006,3.1752,3.0817,3.1564,1518645.0
1992-11-10,3.1752,3.1752,3.1095,3.1564,1273151.0
1992-11-11,3.1752,3.2216,3.1564,3.1844,1358787.0
1992-11-12,3.2028,3.2028,3.1095,3.1374,1349000.0
1992-11-13,3.1374,3.1752,3.1286,3.1564,961590.0
1992-11-16,3.1006,3.1006,2.9794,3.0538,3166969.0
1992-11-17,3.0351,3.0538,2.9609,2.9888,2188253.0
1992-11-18,3.0166,3.1006,3.0073,3.0817,1185882.0
1992-11-19,3.1006,3.1374,3.0166,3.0351,1861195.0
1992-11-20,3.0351,3.1006,3.0351,3.0538,1460737.0
1992-11-23,3.0166,3.1095,3.0166,3.1095,1473784.0
1992-11-24,3.1006,3.1564,3.0817,3.1286,2084672.0
1992-11-25,3.1374,3.2028,3.1374,3.1844,1637724.0
1992-11-27,3.1752,3.2586,3.1752,3.2309,667976.0
1992-11-30,3.2309,3.2775,3.2216,3.2309,2069989.0
1992-12-01,3.2492,3.3518,3.2492,3.3239,3330091.0
1992-12-02,3.3518,3.3518,3.3239,3.3518,716096.0
1992-12-03,3.3518,3.3705,3.3052,3.3239,810705.0
1992-12-04,3.3518,3.4264,3.3052,3.4168,1036628.0
1992-12-07,3.4447,3.5475,3.4447,3.5475,2778747.0
1992-12-08,3.5475,3.5475,3.5102,3.5102,1512119.0
1992-12-09,3.5102,3.5198,3.4264,3.4639,975456.0
1992-12-10,3.4728,3.4915,3.4447,3.4915,625564.0
1992-12-11,3.4728,3.4915,3.4168,3.4639,336841.0
1992-12-14,3.4264,3.4264,3.3052,3.3424,668788.0
1992-12-15,3.2681,3.2775,3.2028,3.2028,3915691.0
1992-12-16,3.2216,3.2309,3.1286,3.1752,3302358.0
1992-12-17,3.1844,3.4264,3.1844,3.4264,4594268.0
1992-12-18,3.5102,3.566,3.4639,3.5475,2975305.0
1992-12-21,3.5198,3.566,3.5198,3.566,1471340.0
1992-12-22,3.5942,3.5942,3.5381,3.5475,1566764.0
1992-12-23,3.5381,3.5381,3.4447,3.4728,601909.0
1992-12-24,3.4915,3.4915,3.4639,3.4915,183514.0
1992-12-28,3.4915,3.5198,3.4639,3.5198,405354.0
1992-12-29,3.5102,3.5381,3.4728,3.5102,770737.0
1992-12-30,3.5102,3.5381,3.4915,3.5198,835987.0
1992-12-31,3.5381,3.6126,3.5381,3.566,1909316.0
1993-01-04,3.566,3.6312,3.566,3.6312,1189138.0
1993-01-05,3.6126,3.6126,3.5381,3.5844,1866905.0
1993-01-06,3.5844,3.5844,3.4728,3.4915,1510488.0
1993-01-07,3.4915,3.5381,3.4168,3.4168,2736334.0
1993-01-08,3.4264,3.4639,3.3983,3.3983,1116554.0
1993-01-11,3.4447,3.4915,3.3705,3.4915,1547191.0
1993-01-12,3.4728,3.5102,3.4728,3.4915,1121450.0
1993-01-13,3.4728,3.4915,3.3705,3.3983,1664638.0
1993-01-14,3.389,3.5198,3.389,3.5198,1060274.0
1993-01-15,3.5198,3.5475,3.5198,3.5475,822940.0
1993-01-18,3.5198,3.5475,3.5198,3.5475,1167937.0
1993-01-19,3.5475,3.5475,3.4728,3.4915,1121450.0
1993-01-20,3.4639,3.4728,3.3983,3.3983,1766587.0
1993-01-21,3.4264,3.4728,3.3983,3.3983,1959886.0
1993-01-22,3.4168,3.4264,3.3705,3.389,2928000.0
1993-01-25,3.389,3.3983,3.2959,3.3239,2808105.0
1993-01-26,3.3239,3.4447,3.3052,3.4168,1559425.0
1993-01-27,3.5942,3.6682,3.5475,3.566,8249786.0
1993-01-28,3.5844,3.5942,3.5198,3.5475,1937048.0
1993-01-29,3.5198,3.5844,3.5102,3.5844,2991616.0
1993-02-01,3.6312,3.7893,3.6126,3.7893,4269660.0
1993-02-02,3.7893,3.808,3.7336,3.7336,2224135.0
1993-02-03,3.7522,3.9294,3.7056,3.8827,3680797.0
1993-02-04,3.8548,4.1711,3.8548,4.1155,4758204.0
1993-02-05,4.0783,4.0968,3.9475,3.9571,2192329.0
1993-02-08,3.9571,4.1433,3.9475,4.1245,2739596.0
1993-02-09,4.1155,4.2175,4.1155,4.1988,4010304.0
1993-02-10,4.1988,4.2175,4.1523,4.2175,2516943.0
1993-02-11,4.2175,4.2643,4.1988,4.1988,2862749.0
1993-02-12,4.227,4.3481,4.227,4.3106,1795950.0
1993-02-16,4.2737,4.3199,4.0501,4.0688,3709346.0
1993-02-17,4.0688,4.0688,3.7615,3.8734,5507742.0
1993-02-18,4.0222,4.0222,3.8357,3.9013,4397708.0
1993-02-19,3.9013,3.9571,3.9013,3.9294,4313701.0
1993-02-22,3.9294,3.9571,3.7615,3.808,2579740.0
1993-02-23,3.808,4.0222,3.808,3.9571,2253498.0
1993-02-24,3.9294,4.1155,3.9107,4.1155,2563428.0
1993-02-25,4.0783,4.1711,4.0315,4.1433,2901084.0
1993-02-26,4.1433,4.1711,4.0783,4.1155,1157337.0
1993-03-01,4.1711,4.1711,4.1155,4.1245,1738042.0
1993-03-02,4.162,4.1711,4.1245,4.162,1359604.0
1993-03-03,4.162,4.2457,4.162,4.2175,1651587.0
1993-03-04,4.2175,4.2828,4.2175,4.2828,1175276.0
1993-03-05,4.2643,4.2926,4.1433,4.1433,855563.0
1993-03-08,4.162,4.3386,4.162,4.3106,3396151.0
1993-03-09,4.2828,4.4415,4.2828,4.3851,1279675.0
1993-03-10,4.3851,4.4042,4.3106,4.3851,1517827.0
1993-03-11,4.3668,4.3668,4.3199,4.3574,968115.0
1993-03-12,4.2926,4.3574,4.2361,4.3199,1762510.0
1993-03-15,4.3574,4.3668,4.3106,4.3199,1738856.0
1993-03-16,4.3199,4.3668,4.3199,4.3574,1496621.0
1993-03-17,4.3668,4.3851,4.2926,4.2926,1934597.0
1993-03-18,4.3106,4.3106,4.2828,4.2926,803366.0
1993-03-19,4.3106,4.3386,4.2828,4.2828,1388963.0
1993-03-22,4.2361,4.3386,4.2361,4.3199,1739671.0
1993-03-23,4.3386,4.4319,4.3386,4.4319,1926445.0
1993-03-24,4.3574,4.4319,4.3199,4.3668,2409282.0
1993-03-25,4.3386,4.4133,4.3386,4.4042,458367.0
1993-03-26,4.3851,4.4319,4.3851,4.4319,695704.0
1993-03-29,4.4415,4.5624,4.4415,4.5529,1562684.0
1993-03-30,4.5246,4.5529,4.5065,4.5529,1688290.0
1993-03-31,4.5529,4.5624,4.5343,4.5624,772374.0
1993-04-01,4.5343,4.5624,4.4875,4.5343,1180170.0
1993-04-02,4.5343,4.5343,4.3851,4.4133,1292724.0
1993-04-05,4.4415,4.4599,4.3668,4.4042,1861195.0
1993-04-06,4.3851,4.4042,4.3386,4.3668,2775482.0
1993-04-07,4.4042,4.7482,4.3851,4.7017,3686507.0
1993-04-08,4.8416,5.1396,4.8229,4.8883,9549849.0
1993-04-12,4.8883,5.0182,4.8697,4.9718,3353741.0
1993-04-13,5.0182,5.0834,5.0182,5.0464,4117144.0
1993-04-14,5.0371,5.0371,4.9252,4.9718,2410098.0
1993-04-15,4.9627,5.0464,4.8976,5.0182,2170309.0
1993-04-16,5.0834,5.2049,5.0834,5.1208,2652330.0
1993-04-19,5.1114,5.1208,4.9627,4.9627,3087859.0
1993-04-20,4.9904,4.9904,4.6458,4.7206,5656995.0
1993-04-21,4.7017,4.8507,4.5343,4.7206,12521079.0
1993-04-22,4.7298,4.7482,4.5624,4.5624,4660336.0
1993-04-23,4.5624,4.5624,4.4319,4.5246,3714236.0
1993-04-26,4.4415,4.4875,4.1988,4.2361,6292345.0
1993-04-27,4.1711,4.4782,4.0222,4.4319,10546512.0
1993-04-28,4.3851,4.4782,4.3574,4.3668,2450874.0
1993-04-29,4.3668,4.3668,4.2361,4.3386,1852227.0
1993-04-30,4.2926,4.4599,4.2926,4.4599,2611546.0
1993-05-03,4.4415,4.4782,4.3574,4.4133,2204561.0
1993-05-04,4.4042,4.4875,4.4042,4.4599,3454059.0
1993-05-05,4.5065,4.5343,4.4599,4.4875,1888928.0
1993-05-06,4.5996,4.6458,4.5343,4.6458,3896113.0
1993-05-07,4.6278,4.6458,4.5343,4.5806,2100164.0
1993-05-10,4.5624,4.7206,4.5343,4.5624,2073253.0
1993-05-11,4.5343,4.5529,4.4042,4.4319,1634461.0
1993-05-12,4.4415,4.5624,4.4415,4.4875,2260022.0
1993-05-13,4.5065,4.5065,4.4599,4.4782,1538220.0
1993-05-14,4.4782,4.5529,4.4599,4.5246,1945203.0
1993-05-17,4.5529,4.5624,4.4599,4.5246,1065175.0
1993-05-18,4.4875,4.5246,4.4042,4.4782,2707789.0
1993-05-19,4.4782,4.7206,4.4133,4.6833,3705270.0
1993-05-20,4.8416,4.9627,4.8229,4.8507,5382136.0
1993-05-21,4.8883,4.9439,4.8507,4.8883,2398676.0
1993-05-24,4.9157,4.9439,4.8697,4.8976,1762510.0
1993-05-25,4.8976,5.0092,4.8883,4.9904,1541482.0
1993-05-26,5.0092,5.0464,4.9904,5.0464,1173646.0
1993-05-27,5.0464,5.0834,4.9627,5.0092,1545563.0
1993-05-28,4.9157,5.0556,4.9157,4.9904,2147472.0
1993-06-01,5.0092,5.1396,5.0092,5.1396,1667904.0
1993-06-02,5.2327,5.2327,5.1766,5.2139,1788607.0
1993-06-03,5.2139,5.2139,5.1396,5.1766,1325349.0
1993-06-04,5.1114,5.1304,5.0182,5.1304,1915844.0
1993-06-07,5.1114,5.1114,4.9718,5.0556,1227472.0
1993-06-08,5.0556,5.1396,5.0556,5.0929,3572322.0
1993-06-09,5.4465,5.4465,5.1766,5.2327,4742707.0
1993-06-10,5.1304,5.1766,5.065,5.1304,3252608.0
1993-06-11,5.1396,5.1861,5.0371,5.1861,2127084.0
1993-06-14,5.2139,5.2327,5.1304,5.1396,1501518.0
1993-06-15,5.1861,5.2509,5.158,5.2139,1175276.0
1993-06-16,5.1766,5.1766,4.9718,5.0092,2994878.0
1993-06-17,4.9627,4.9904,4.8697,4.9439,2367681.0
1993-06-18,4.9157,5.0556,4.9157,4.9904,2244527.0
1993-06-21,5.0556,5.0556,4.8976,4.9348,1627122.0
1993-06-22,4.8976,4.9157,4.8416,4.8507,1550451.0
1993-06-23,4.8976,4.9904,4.8416,4.8416,1787795.0
1993-06-24,4.8697,4.9904,4.8697,4.9904,1709497.0
1993-06-25,5.0182,5.1114,4.9904,5.0182,2339953.0
1993-06-28,5.0556,5.0834,5.0371,5.065,3029133.0
1993-06-29,5.1114,5.1766,5.0929,5.1396,3611468.0
1993-06-30,5.1396,5.4187,5.1396,5.279,4083703.0
1993-07-01,5.307,5.3815,5.307,5.3538,1297618.0
1993-07-02,5.3538,5.3815,5.1861,5.3538,2861935.0
1993-07-06,5.3721,5.4001,5.279,5.307,1656481.0
1993-07-07,5.2978,5.307,5.065,5.0929,2234739.0
1993-07-08,5.2327,5.307,5.1861,5.2978,4152215.0
1993-07-09,5.335,5.4001,5.307,5.3538,1441162.0
1993-07-12,5.3538,5.4001,5.335,5.3538,1824496.0
1993-07-13,5.3721,5.5028,5.3538,5.4933,3627786.0
1993-07-14,5.4933,5.5771,5.4746,5.5771,3308069.0
1993-07-15,5.5955,5.6702,5.5771,5.661,2440276.0
1993-07-16,5.6702,5.8566,5.6702,5.7816,2602305.0
1993-07-19,5.7816,5.9215,5.7167,5.7354,2995423.0
1993-07-20,5.8098,5.8566,5.7636,5.8098,1694271.0
1993-07-21,5.7816,5.9679,5.6702,5.7816,4828888.0
1993-07-22,5.8566,5.9215,5.7816,5.875,1514296.0
1993-07-23,5.8566,5.9215,5.8098,5.875,1857935.0
1993-07-26,5.8285,5.94,5.8098,5.9028,1940580.0
1993-07-27,5.9215,5.94,5.875,5.94,1198932.0
1993-07-28,5.94,6.0614,5.9028,5.9679,2012354.0
1993-07-29,5.9867,6.0146,5.9215,5.9867,2081949.0
1993-07-30,5.9867,5.9867,5.9215,5.9867,1546378.0
1993-08-02,5.9867,5.9867,5.94,5.9867,1061370.0
1993-08-03,6.0334,6.1264,6.0146,6.1264,1916658.0
1993-08-04,6.1448,6.2381,6.1264,6.2381,1733422.0
1993-08-05,6.2381,6.2381,6.1729,6.1916,1664366.0
1993-08-06,6.1916,6.2198,6.1448,6.2198,855833.0
1993-08-09,6.1729,6.3777,6.1448,6.3499,1725263.0
1993-08-10,6.3777,6.5826,6.3499,6.5549,2517484.0
1993-08-11,6.5549,6.713,6.508,6.6477,2897009.0
1993-08-12,6.6293,6.6293,6.3499,6.4617,2997058.0
1993-08-13,6.4241,6.4895,6.4241,6.4617,1804648.0
1993-08-16,6.4895,6.4895,6.3777,6.4241,1567039.0
1993-08-17,6.4241,6.6943,6.4241,6.6663,1406092.0
1993-08-18,6.713,6.8247,6.6943,6.713,1893277.0
1993-08-19,6.5359,6.6477,6.4241,6.5549,3955108.0
1993-08-20,6.5549,6.5826,6.4895,6.5359,1279946.0
1993-08-23,6.4895,6.508,6.4429,6.4617,2152634.0
1993-08-24,6.508,6.5549,6.4241,6.508,4346598.0
1993-08-25,6.508,6.6293,6.508,6.5549,2714856.0
1993-08-26,6.5549,6.5826,6.4429,6.4429,1464818.0
1993-08-27,6.4429,6.4617,6.4429,6.4617,618770.0
1993-08-30,6.3967,6.4241,6.1916,6.2662,3590808.0
1993-08-31,6.2846,6.4895,6.2662,6.3967,1511577.0
1993-09-01,6.3967,6.4709,6.3126,6.3967,1316920.0
1993-09-02,6.3967,6.4241,6.3312,6.3499,1589330.0
1993-09-03,6.3499,6.3499,6.2198,6.2662,1371295.0
1993-09-07,6.2662,6.3777,6.1916,6.1916,1428385.0
1993-09-08,6.0614,6.0798,5.8098,5.875,3205303.0
1993-09-09,5.9028,6.1916,5.875,6.1916,2908427.0
1993-09-10,6.1543,6.2198,5.9867,6.0334,2529988.0
1993-09-13,6.0334,6.1543,5.9028,5.9496,1812263.0
1993-09-14,5.9496,5.9496,5.7448,5.7912,3725111.0
1993-09-15,5.7448,6.0614,5.6702,6.0614,5210048.0
1993-09-16,6.0334,6.1079,5.9867,6.0614,1158151.0
1993-09-17,6.0334,6.1079,5.9867,6.0798,1440892.0
1993-09-20,6.1543,6.1729,6.0614,6.0614,1298435.0
1993-09-21,6.0146,6.1079,5.875,5.875,1119545.0
1993-09-22,5.9215,6.0334,5.9215,5.9215,1197842.0
1993-09-23,5.9867,6.0146,5.875,5.9496,1724717.0
1993-09-24,5.9679,6.1079,5.9028,6.0334,2125455.0
1993-09-27,6.0334,6.0614,5.9679,6.0334,1457204.0
1993-09-28,6.0334,6.1079,5.9867,6.1079,3246627.0
1993-09-29,6.0798,6.2198,6.0334,6.1079,2857858.0
1993-09-30,6.0798,6.3126,6.0614,6.2846,2161881.0
1993-10-01,6.2662,6.3967,6.2381,6.3499,1285385.0
1993-10-04,6.3777,6.3967,6.3126,6.3777,2075427.0
1993-10-05,6.3777,6.4709,6.3126,6.3499,2423961.0
1993-10-06,6.3499,6.3499,6.2662,6.3499,1234272.0
1993-10-07,6.3126,6.4895,6.3126,6.4709,1121720.0
1993-10-08,6.4429,6.4429,6.3312,6.3499,1181531.0
1993-10-11,6.3777,6.4429,6.3499,6.3967,1062994.0
1993-10-12,6.3967,6.4241,6.3777,6.4241,1908501.0
1993-10-13,6.4429,6.5174,6.4241,6.5174,1951457.0
1993-10-14,6.4895,6.4895,6.4429,6.4709,740017.0
1993-10-15,6.4709,6.4895,6.4429,6.4709,1126614.0
1993-10-18,6.4709,6.4709,6.3499,6.3499,1881317.0
1993-10-19,6.3777,6.4241,6.1729,6.1916,2165686.0
1993-10-20,6.1079,6.1264,5.5585,5.6702,10918153.0
1993-10-21,5.6982,5.8566,5.6982,5.7448,9384284.0
1993-10-22,5.7448,5.7636,5.4465,5.5119,13153981.0
1993-10-25,5.5398,5.6513,5.4654,5.4654,5665697.0
1993-10-26,5.4933,5.7167,5.4001,5.6702,7482305.0
1993-10-27,5.6982,5.7636,5.6236,5.7448,4275911.0
1993-10-28,5.7448,5.9028,5.7167,5.7448,5705390.0
1993-10-29,5.7167,5.7448,5.6052,5.6513,2084129.0
1993-11-01,5.6236,5.6982,5.5585,5.6982,4403147.0
1993-11-02,5.6702,5.6702,5.5585,5.6513,4181849.0
1993-11-03,5.8098,5.9496,5.6513,5.6702,4823456.0
1993-11-04,5.6702,5.9215,5.6236,5.7167,10794726.0
1993-11-05,5.7448,5.875,5.6982,5.875,3619085.0
1993-11-08,5.875,6.1264,5.875,6.0798,3398872.0
1993-11-09,6.0798,6.3126,6.0798,6.2381,5172527.0
1993-11-10,6.2381,6.4241,6.1916,6.3312,5874488.0
1993-11-11,6.3499,6.5174,6.2198,6.2198,3489676.0
1993-11-12,6.2198,6.3967,6.1729,6.1916,2656137.0
1993-11-15,6.1729,6.1729,6.0146,6.1264,2444621.0
1993-11-16,6.1729,6.2198,6.0798,6.1543,2852418.0
1993-11-17,6.1916,6.1916,5.9867,6.0798,2352190.0
1993-11-18,6.0614,6.2381,6.0614,6.1079,2265732.0
1993-11-19,6.1264,6.1543,5.9679,5.9867,1635547.0
1993-11-22,5.9867,5.9867,5.7636,5.8566,2141218.0
1993-11-23,5.9028,5.9496,5.7912,5.9215,1747560.0
1993-11-24,5.9215,6.0146,5.9028,5.9496,1223399.0
1993-11-26,5.9496,6.1264,5.9496,6.0798,1420772.0
1993-11-29,6.1264,6.3967,6.1264,6.3499,5866334.0
1993-11-30,6.4058,6.4241,6.2846,6.3126,2384265.0
1993-12-01,6.3312,6.4058,6.2198,6.3126,2389701.0
1993-12-02,6.3126,6.3126,6.1543,6.2009,1821503.0
1993-12-03,6.2009,6.2381,6.1079,6.2198,1367486.0
1993-12-06,6.2198,6.2846,6.1079,6.1543,1034720.0
1993-12-07,6.1264,6.1264,5.9679,6.0798,1662733.0
1993-12-08,6.0798,6.2198,6.0614,6.1264,1925901.0
1993-12-09,6.1729,6.2198,6.0614,6.0614,801462.0
1993-12-10,6.1079,6.1729,6.1079,6.1729,508389.0
1993-12-13,6.1729,6.5639,6.1729,6.5359,5927772.0
1993-12-14,6.6758,6.6758,6.5359,6.6293,4775605.0
1993-12-15,6.6013,6.8062,6.6013,6.7413,7014152.0
1993-12-16,6.7221,6.8062,6.5359,6.5359,3965987.0
1993-12-17,6.5174,6.5639,6.4429,6.5639,3035658.0
1993-12-20,6.5359,6.6013,6.4709,6.6013,2159704.0
1993-12-21,6.6293,6.6293,6.4058,6.4429,2310322.0
1993-12-22,6.4429,6.6943,6.4429,6.6477,2206465.0
1993-12-23,6.6758,6.6758,6.3592,6.4241,2358711.0
1993-12-27,6.5174,6.5826,6.4709,6.5174,1116284.0
1993-12-28,6.5826,6.6943,6.5639,6.6943,1554530.0
1993-12-29,6.7221,6.7875,6.6943,6.7688,4299838.0
1993-12-30,6.7688,6.7688,6.6943,6.7413,1813346.0
1993-12-31,6.7688,6.8343,6.7688,6.7875,1384888.0
1994-01-03,6.7688,6.8525,6.7688,6.8343,2718662.0
1994-01-04,6.6477,6.7688,6.5359,6.6293,2046607.0
1994-01-05,6.6758,6.6943,6.6013,6.6013,1091814.0
1994-01-06,6.6943,6.7221,6.6293,6.6758,2241264.0
1994-01-07,6.6293,6.7413,6.6013,6.6758,2503890.0
1994-01-10,6.6758,6.6758,6.5826,6.6293,2151008.0
1994-01-11,6.6293,6.6477,6.5174,6.6013,1419143.0
1994-01-12,6.6477,6.6758,6.6293,6.6293,1621955.0
1994-01-13,6.5826,6.7413,6.5826,6.6943,1698078.0
1994-01-14,6.7221,6.7221,6.6293,6.6758,1071699.0
1994-01-17,6.6013,6.7413,6.6013,6.7221,1320727.0
1994-01-18,6.7413,6.7688,6.5826,6.7221,1650773.0
1994-01-19,6.6943,6.6943,6.5639,6.6758,991769.0
1994-01-20,6.6293,6.6943,6.6013,6.6758,1369663.0
1994-01-21,6.7221,6.7221,6.6943,6.7221,1249498.0
1994-01-24,6.7413,6.7688,6.6477,6.7221,1369120.0
1994-01-25,6.5826,6.6477,6.5639,6.5639,1839449.0
1994-01-26,6.5826,6.6013,6.4895,6.6013,862903.0
1994-01-27,6.6013,6.6013,6.4429,6.5174,1464818.0
1994-01-28,6.5639,6.7688,6.5639,6.6943,1391960.0
1994-01-31,6.7413,6.8808,6.7413,6.7688,2255403.0
1994-02-01,6.7413,6.8525,6.7221,6.7875,2230390.0
1994-02-02,6.7875,6.9271,6.7688,6.8062,3153647.0
1994-02-03,7.0852,7.0852,6.9455,7.0387,4018730.0
1994-02-04,6.9921,7.0112,6.7875,6.7875,4197619.0
1994-02-07,6.7875,6.8525,6.6293,6.7221,2917127.0
1994-02-08,6.7875,6.9271,6.7688,6.8808,3014453.0
1994-02-09,6.8808,6.9455,6.8343,6.8525,4306365.0
1994-02-10,6.8525,6.8808,6.6943,6.7221,1217959.0
1994-02-11,6.7221,6.7221,6.5826,6.6293,2088477.0
1994-02-14,6.5826,6.6758,6.5826,6.6477,2767056.0
1994-02-15,6.6477,6.8062,6.6293,6.6758,1544199.0
1994-02-16,6.6758,6.7221,6.6477,6.7221,1742662.0
1994-02-17,6.7221,6.7688,6.6293,6.6293,2842637.0
1994-02-18,6.6293,6.6293,6.3592,6.5359,2981285.0
1994-02-22,6.5174,6.5359,6.4241,6.5174,3067741.0
1994-02-23,6.5174,6.5359,6.4241,6.4429,1739400.0
1994-02-24,6.4058,6.4058,6.2846,6.3312,2259210.0
1994-02-25,6.3126,6.3592,6.2009,6.2662,1934597.0
1994-02-28,6.2662,6.2662,6.0892,6.2009,3459770.0
1994-03-01,6.2662,6.2662,6.1264,6.2662,2706703.0
1994-03-02,6.2009,6.2662,6.0427,6.2198,3099820.0
1994-03-03,6.1729,6.2475,6.1543,6.2198,1041250.0
1994-03-04,6.2198,6.2662,6.2009,6.2009,2042261.0
1994-03-07,6.2198,6.3126,6.1543,6.2009,2002023.0
1994-03-08,6.2475,6.2662,6.0892,6.1543,2237460.0
1994-03-09,6.1543,6.1729,6.0892,6.1729,1807368.0
1994-03-10,6.1729,6.2009,6.0427,6.0892,1854670.0
1994-03-11,6.1079,6.1543,5.9961,6.0892,2783368.0
1994-03-14,6.1264,6.1729,6.0614,6.1079,1273962.0
1994-03-15,6.1079,6.2662,6.0892,6.2198,3048705.0
1994-03-16,6.2662,6.5359,6.2198,6.5174,3146034.0
1994-03-17,6.5359,6.5359,6.4241,6.5174,2522921.0
1994-03-18,6.5174,6.5174,6.4241,6.4241,1809541.0
1994-03-21,6.4241,6.4241,6.3126,6.3126,1155433.0
1994-03-22,6.2662,6.294,6.2198,6.2198,2183632.0
1994-03-23,6.2662,6.294,6.2198,6.2475,2217343.0
1994-03-24,6.2009,6.2198,6.0614,6.0892,2379919.0
1994-03-25,6.0892,6.1543,6.0614,6.0892,2317932.0
1994-03-28,6.1729,6.2198,5.9961,6.0427,3299367.0
1994-03-29,6.0427,6.0614,5.9496,5.9496,1716560.0
1994-03-30,5.9028,5.9028,5.6795,5.7448,4549414.0
1994-03-31,5.7448,5.9496,5.6795,5.9496,2411452.0
1994-04-04,5.8098,5.8846,5.7636,5.8377,2748568.0
1994-04-05,5.9961,6.0614,5.9496,6.0614,3252064.0
1994-04-06,6.0427,6.2009,6.0146,6.0892,1985167.0
1994-04-07,6.1079,6.2198,6.0892,6.1079,2242896.0
1994-04-08,6.1264,6.2475,6.1079,6.1543,1462097.0
1994-04-11,6.1729,6.2009,6.0892,6.1729,1138570.0
1994-04-12,6.1729,6.2198,6.1079,6.1079,2108597.0
1994-04-13,6.1079,6.1264,6.0146,6.0146,1708954.0
1994-04-14,6.0146,6.0427,5.9496,5.9496,2057482.0
1994-04-15,5.9496,5.9496,5.7912,5.8377,1925901.0
1994-04-18,5.8566,5.8566,5.6332,5.6332,2913863.0
1994-04-19,5.6332,5.6332,5.5398,5.5681,4220453.0
1994-04-20,5.5214,5.6052,5.3631,5.4282,3815372.0
1994-04-21,5.4465,5.7259,5.4465,5.6982,4492321.0
1994-04-22,5.6332,5.7259,5.5214,5.6052,4720141.0
1994-04-25,5.6513,5.6982,5.5681,5.6795,5553142.0
1994-04-26,5.6982,5.6982,5.6332,5.6982,3404851.0
1994-04-28,5.6982,5.6982,5.4933,5.5862,4479813.0
1994-04-29,5.6052,5.6795,5.5398,5.6795,2736606.0
1994-05-02,5.6982,5.7448,5.5681,5.6795,2087391.0
1994-05-03,5.6513,5.7448,5.6513,5.7448,2391337.0
1994-05-04,5.6982,5.6982,5.4465,5.4933,2985091.0
1994-05-05,5.4933,5.5214,5.1114,5.1766,19285111.0
1994-05-06,4.8136,5.0834,4.7953,4.9998,20910872.0
1994-05-09,4.9718,5.0371,4.8788,4.9998,9008564.0
1994-05-10,5.0371,5.1766,5.0182,5.1766,6235528.0
1994-05-11,5.158,5.2231,5.0371,5.1114,4101375.0
1994-05-12,5.0834,5.1114,4.9066,4.9533,6024012.0
1994-05-13,4.86,4.8788,4.5624,4.6089,16069471.0
1994-05-16,4.6739,4.7017,4.3851,4.497,10269483.0
1994-05-17,4.497,4.5624,4.4508,4.5154,5579783.0
1994-05-18,4.6089,4.832,4.5902,4.7953,7158783.0
1994-05-19,4.7953,5.065,4.7953,4.9533,10113966.0
1994-05-20,4.9066,4.9252,4.8136,4.86,3886603.0
1994-05-23,4.8788,4.8788,4.7672,4.8136,3138967.0
1994-05-24,4.832,4.9066,4.8136,4.9066,2784998.0
1994-05-25,4.8788,4.9066,4.7953,4.86,2624596.0
1994-05-26,4.86,4.9533,4.86,4.9533,2606656.0
1994-05-27,4.9533,4.9998,4.9252,4.9998,1787795.0
1994-05-31,4.9998,5.1114,4.9998,5.065,2849702.0
1994-06-01,5.1114,5.1114,5.0182,5.065,1336492.0
1994-06-02,5.1114,5.1114,4.9533,4.9718,2912234.0
1994-06-03,4.9998,4.9998,4.7953,4.7953,5749974.0
1994-06-06,4.7953,4.7953,4.6089,4.6368,5225814.0
1994-06-07,4.6089,4.7482,4.6089,4.7206,6988596.0
1994-06-08,4.7206,4.7672,4.6833,4.6833,3279250.0
1994-06-09,4.6833,4.7482,4.6833,4.7482,2274977.0
1994-06-10,4.7672,4.8416,4.7482,4.8136,2256491.0
1994-06-13,4.7672,4.8136,4.7482,4.7482,2366326.0
1994-06-14,4.7482,4.8416,4.7206,4.7672,3856150.0
1994-06-15,4.8136,4.9533,4.7672,4.86,3211286.0
1994-06-16,4.8883,5.1114,4.86,5.0834,3782206.0
1994-06-17,5.0834,5.1304,5.0182,5.1114,4372696.0
1994-06-20,5.1114,5.158,5.0464,5.065,2231481.0
1994-06-21,5.065,5.065,4.8136,4.9066,2184174.0
1994-06-22,4.9718,5.065,4.9718,5.0464,2481050.0
1994-06-23,5.0182,5.0464,4.9066,4.9066,1526258.0
1994-06-24,4.86,4.86,4.6368,4.7206,4275911.0
1994-06-27,4.7482,4.8416,4.6833,4.7482,4131827.0
1994-06-28,4.7482,4.7482,4.6833,4.7017,3752300.0
1994-06-29,4.7206,4.7482,4.6833,4.7206,3449984.0
1994-06-30,4.7206,4.7672,4.7017,4.7672,3025871.0
1994-07-01,4.7482,4.7953,4.7206,4.7672,1861195.0
1994-07-05,4.6833,4.9718,4.6551,4.9252,4419459.0
1994-07-06,5.0464,5.1114,4.9718,5.065,11012763.0
1994-07-07,5.0834,5.158,5.065,5.158,6006070.0
1994-07-08,5.1114,5.1114,5.0464,5.1114,3045450.0
1994-07-11,5.1114,5.158,5.0464,5.1304,5073571.0
1994-07-12,5.1766,5.2231,5.1114,5.158,36612783.0
1994-07-13,5.1304,5.158,5.065,5.0834,5907114.0
1994-07-14,5.1114,5.1766,5.1114,5.1766,2391337.0
1994-07-15,5.1766,5.3815,5.1766,5.3631,4595630.0
1994-07-18,5.3631,5.3815,5.2509,5.2509,2751830.0
1994-07-19,5.2509,5.3164,5.2231,5.3164,1986798.0
1994-07-20,5.3164,5.335,5.1304,5.2049,4036672.0
1994-07-21,5.2231,5.2231,4.9998,5.0464,2925279.0
1994-07-22,5.1766,5.2049,5.1114,5.1766,1893820.0
1994-07-25,5.158,5.2049,5.1304,5.1766,1331060.0
1994-07-26,5.158,5.1766,5.1304,5.1304,1627935.0
1994-07-27,5.1114,5.1304,4.9066,4.9533,3900736.0
1994-07-28,4.9066,4.9533,4.8416,4.86,2942137.0
1994-07-29,4.9066,4.9718,4.9066,4.9252,2344029.0
1994-08-01,4.9066,4.9718,4.8883,4.9066,1771480.0
1994-08-02,4.9066,4.9718,4.8883,4.9252,1862829.0
1994-08-03,4.9252,4.9718,4.8416,4.9533,1929163.0
1994-08-04,4.9718,5.0834,4.9718,5.065,2308144.0
1994-08-05,5.0464,5.1114,5.0182,5.065,1028744.0
1994-08-08,5.1114,5.1304,4.9998,4.9998,1376730.0
1994-08-09,5.0182,5.0182,4.9718,4.9998,786237.0
1994-08-10,4.9998,5.0464,4.9718,4.9718,732953.0
1994-08-11,4.9718,5.0182,4.9066,4.9252,1133138.0
1994-08-12,4.9252,4.9998,4.9066,4.9252,1246237.0
1994-08-15,4.9718,5.0182,4.9718,5.0182,866166.0
1994-08-16,5.0464,5.0834,4.9533,5.0182,1201104.0
1994-08-17,5.0182,5.0182,4.9066,4.9533,2015614.0
1994-08-18,4.9533,4.9718,4.8883,4.9252,1850324.0
1994-08-19,4.9533,4.9533,4.8883,4.9066,1321271.0
1994-08-22,4.8883,4.9066,4.7017,4.7482,3335799.0
1994-08-23,4.7482,4.8136,4.7017,4.7206,4117144.0
1994-08-24,4.7482,4.7672,4.6551,4.7206,4902838.0
1994-08-25,4.7672,4.8416,4.7206,4.7482,2242353.0
1994-08-26,4.7672,4.86,4.7482,4.8136,2415259.0
1994-08-29,4.8416,5.0464,4.8416,4.8883,1962874.0
1994-08-30,4.9533,4.9533,4.8416,4.9066,2339137.0
1994-08-31,4.8136,4.8883,4.7953,4.8136,2634927.0
1994-09-01,4.8416,4.9066,4.7953,4.8883,3745231.0
1994-09-02,4.86,4.8883,4.7298,4.7482,3639746.0
1994-09-06,4.7482,4.7763,4.6551,4.6833,4238941.0
1994-09-07,4.7017,4.7298,4.6833,4.7298,1767129.0
1994-09-08,4.7298,4.7482,4.5246,4.5439,11740819.0
1994-09-09,4.3668,4.4508,4.3668,4.4508,16087419.0
1994-09-12,4.4042,4.4319,4.2085,4.227,6660180.0
1994-09-13,4.227,4.3668,4.227,4.3199,9607755.0
1994-09-14,4.2926,4.2926,4.1337,4.227,6968475.0
1994-09-15,4.227,4.2737,4.1804,4.227,3508709.0
1994-09-16,4.2085,4.3199,4.1804,4.2926,5321511.0
1994-09-19,4.2926,4.3668,4.2457,4.2737,2472899.0
1994-09-20,4.2457,4.2457,4.0875,4.1337,5747796.0
1994-09-21,4.162,4.227,4.1155,4.1804,7757435.0
1994-09-22,4.2085,4.3386,4.1804,4.3386,7602473.0
1994-09-23,4.3386,4.3386,4.227,4.2737,3104168.0
1994-09-26,4.227,4.2457,4.0408,4.0688,4083975.0
1994-09-27,4.1155,4.162,4.0688,4.0875,3454881.0
1994-09-28,4.0875,4.1804,4.0688,4.1804,3514688.0
1994-09-29,4.1155,4.1337,3.9294,4.0408,6647130.0
1994-09-30,4.0688,4.2457,4.0688,4.0875,6241506.0
1994-10-03,4.1155,4.162,4.0688,4.162,2333157.0
1994-10-04,4.162,4.1804,4.0688,4.0875,2229846.0
1994-10-05,4.0688,4.0875,3.8357,4.0222,8735065.0
1994-10-06,4.0408,4.0875,3.9755,3.9755,2517484.0
1994-10-07,3.9755,4.0036,3.8175,3.9294,13436723.0
1994-10-10,3.9755,4.0688,3.9571,4.0688,2790435.0
1994-10-11,4.1337,4.1337,4.0408,4.0688,3780573.0
1994-10-12,4.0036,4.0408,3.9571,4.0036,3264571.0
1994-10-13,4.0408,4.0875,3.864,3.9294,8624143.0
1994-10-14,3.9107,3.9755,3.8827,3.9294,3275992.0
1994-10-17,3.9294,3.9571,3.799,3.8175,8698092.0
1994-10-18,3.8175,3.9294,3.7709,3.9294,4680454.0
1994-10-19,3.9294,4.0688,3.8827,4.0688,7447506.0
1994-10-20,4.0408,4.0688,3.9294,3.9755,3302630.0
1994-10-21,4.0036,4.0222,3.9294,4.0222,7500793.0
1994-10-24,4.0036,4.1337,4.0036,4.0688,5900588.0
1994-10-25,4.0222,4.0408,3.9571,4.0036,1880771.0
1994-10-26,4.0036,4.0408,3.9755,4.0408,3201497.0
1994-10-27,4.0408,4.227,4.0408,4.2085,9665392.0
1994-10-28,4.2085,4.2926,4.1337,4.2926,6104487.0
1994-10-31,4.2926,4.3199,4.2457,4.2926,3603862.0
1994-11-01,4.2737,4.2926,4.2085,4.2926,2916580.0
1994-11-02,4.2457,4.2457,4.162,4.2085,3894214.0
1994-11-03,4.227,4.2457,4.2085,4.227,1572476.0
1994-11-04,4.2085,4.2926,4.1804,4.2085,3266746.0
1994-11-07,4.227,4.2737,4.2085,4.227,1613256.0
1994-11-08,4.162,4.1804,3.9571,4.0036,7110391.0
1994-11-09,4.0222,4.0688,3.8175,3.864,7288739.0
1994-11-10,3.864,3.9571,3.8175,3.8827,4402059.0
1994-11-11,3.9107,3.9755,3.8827,3.8827,2260841.0
1994-11-14,3.8827,3.9107,3.8175,3.9107,3739252.0
1994-11-15,3.9107,3.9571,3.9107,3.9294,1637724.0
1994-11-16,3.9294,4.0408,3.9107,4.0036,4928936.0
1994-11-17,4.0036,4.0036,3.9107,3.9571,1778007.0
1994-11-18,4.0875,4.2085,3.9571,4.0875,10265131.0
1994-11-21,4.0875,4.1155,3.9755,4.0222,3244997.0
1994-11-22,3.9571,3.9755,3.7709,3.799,3960549.0
1994-11-23,3.7709,3.8357,3.6592,3.8175,5206785.0
1994-11-25,3.8357,3.9107,3.8357,3.9107,976545.0
1994-11-28,3.8827,3.9107,3.8357,3.864,1406634.0
1994-11-29,3.8357,3.9571,3.799,3.9571,2470722.0
1994-11-30,3.9294,3.9755,3.8453,3.8453,1542566.0
1994-12-01,3.864,3.864,3.7243,3.7709,2334243.0
1994-12-02,3.7522,3.7709,3.6872,3.6872,3361898.0
1994-12-05,3.7056,3.799,3.7056,3.7709,1836728.0
1994-12-06,3.7522,3.7522,3.6872,3.7243,1522451.0
1994-12-07,3.6592,3.6872,3.1564,3.1844,4805509.0
1994-12-08,2.9143,3.1193,2.821,3.1193,40618462.0
1994-12-09,3.1374,3.1564,3.0447,3.1374,12656463.0
1994-12-12,3.1374,3.1564,3.0724,3.0724,6903231.0
1994-12-13,3.0914,3.0914,2.933,2.9794,9480522.0
1994-12-14,2.9794,3.0258,2.9517,2.9794,9363079.0
1994-12-15,2.998,3.0724,2.9794,2.998,14798231.0
1994-12-16,2.9794,2.998,2.9143,2.933,9093931.0
1994-12-19,2.933,2.9517,2.8862,2.9143,7114198.0
1994-12-20,2.8862,2.933,2.8678,2.8678,6024012.0
1994-12-21,2.8678,2.998,2.8678,2.933,8297908.0
1994-12-22,2.9143,2.998,2.8862,2.9517,3840385.0
1994-12-23,2.9794,3.1374,2.9794,3.0447,6566116.0
1994-12-27,3.0724,3.0914,3.0258,3.0447,4544512.0
1994-12-28,3.0258,3.0447,2.933,3.0447,3374403.0
1994-12-29,3.0447,3.0724,2.998,2.998,2982373.0
1994-12-30,2.998,3.1564,2.9794,3.0447,7545923.0
1995-01-03,3.0914,3.2309,3.0724,3.2028,4266669.0
1995-01-04,3.2028,3.2775,3.1564,3.2775,4470570.0
1995-01-05,3.2775,3.389,3.2028,3.389,6291532.0
1995-01-06,3.3613,3.389,3.3146,3.3613,3905089.0
1995-01-09,3.3613,3.3983,3.2775,3.3146,3924664.0
1995-01-10,3.3146,3.4357,3.2959,3.3146,5413402.0
1995-01-11,3.3424,3.3613,3.2959,3.3424,7349634.0
1995-01-12,3.3613,3.482,3.3424,3.4542,3982301.0
1995-01-13,3.5198,3.566,3.482,3.5475,9398423.0
1995-01-16,3.5475,3.6126,3.5475,3.566,7989605.0
1995-01-17,3.566,3.5942,3.5009,3.566,5114895.0
1995-01-18,3.566,3.6126,3.5475,3.5942,4157924.0
1995-01-19,3.566,3.6404,3.566,3.6126,4674470.0
1995-01-20,3.482,3.482,3.3146,3.389,10379313.0
1995-01-23,3.3146,3.4079,3.3146,3.4079,2568048.0
1995-01-24,3.4079,3.4079,3.3146,3.3613,2513131.0
1995-01-25,3.389,3.482,3.3613,3.4079,3050339.0
1995-01-26,3.4357,3.566,3.2775,3.4357,10554938.0
1995-01-27,3.482,3.5475,3.4357,3.5475,3750120.0
1995-01-30,3.566,3.5942,3.5475,3.566,3513056.0
1995-01-31,3.566,3.566,3.482,3.5198,3574498.0
1995-02-01,3.5009,3.5198,3.4542,3.5009,3526108.0
1995-02-02,3.5009,3.5009,3.4357,3.4542,1439805.0
1995-02-03,3.4542,3.5198,3.4357,3.482,4998532.0
1995-02-06,3.4542,3.482,3.4357,3.4542,2035191.0
1995-02-07,3.4357,3.4357,3.2959,3.2959,4644563.0
1995-02-08,3.2775,3.2775,3.0914,3.1564,13758067.0
1995-02-09,3.1564,3.2775,3.1374,3.2775,4886527.0
1995-02-10,3.2775,3.3613,3.2309,3.3424,10020992.0
1995-02-13,3.1374,3.2028,3.0914,3.1374,15940067.0
1995-02-14,3.1564,3.2309,3.1374,3.2028,5987045.0
1995-02-15,3.2309,3.2775,3.2028,3.2492,4133455.0
1995-02-16,3.2492,3.2492,3.1564,3.1844,2638732.0
1995-02-17,3.1564,3.1564,3.0724,3.0914,4285159.0
1995-02-21,3.0914,3.1564,3.0724,3.1564,4036672.0
1995-02-22,3.1564,3.1564,3.1193,3.1564,1639897.0
1995-02-23,3.1844,3.2492,3.1844,3.2028,2053133.0
1995-02-24,3.2309,3.2309,3.1844,3.2309,2400577.0
1995-02-27,3.2028,3.2309,3.166,3.166,901508.0
1995-02-28,3.1844,3.2028,3.1374,3.2028,1621410.0
1995-03-01,3.2028,3.2492,3.1844,3.1844,2095004.0
1995-03-02,3.2028,3.2309,3.166,3.2309,2058569.0
1995-03-03,3.2309,3.2959,3.2028,3.2775,2743133.0
1995-03-06,3.2028,3.2309,3.1844,3.2028,1623582.0
1995-03-07,3.2028,3.2309,3.166,3.166,2722469.0
1995-03-08,3.166,3.1844,3.1193,3.1844,1351718.0
1995-03-09,3.166,3.1844,3.0914,3.0914,1807915.0
1995-03-10,3.0914,3.1193,3.0447,3.0447,4702201.0
1995-03-13,3.0724,3.166,3.0258,3.166,2538143.0
1995-03-14,3.1844,3.2028,3.1193,3.1193,2692563.0
1995-03-15,3.1193,3.1374,3.0914,3.1193,1263090.0
1995-03-16,3.0914,3.0914,2.9794,3.0258,5320967.0
1995-03-17,3.0724,3.0914,3.0258,3.0724,3501091.0
1995-03-20,3.0447,3.1374,3.0258,3.1193,3762087.0
1995-03-21,3.1193,3.2028,3.1193,3.1193,3576671.0
1995-03-22,3.1193,3.1374,3.0914,3.1193,2341854.0
1995-03-23,3.1193,3.1374,3.0914,3.1374,1472970.0
1995-03-24,3.1374,3.166,3.1193,3.1374,1837814.0
1995-03-27,3.1193,3.2775,3.1193,3.2775,5415033.0
1995-03-28,3.2775,3.2959,3.2492,3.2959,3169961.0
1995-03-29,3.3239,3.3239,3.2492,3.2775,3038379.0
1995-03-30,3.2492,3.3239,3.2028,3.2775,2902992.0
1995-03-31,3.2492,3.2959,3.2028,3.2492,1998217.0
1995-04-03,3.2492,3.2775,3.2028,3.2028,1070611.0
1995-04-04,3.2028,3.3239,3.2028,3.2775,3556553.0
1995-04-05,3.2492,3.3705,3.2492,3.3424,3277620.0
1995-04-06,3.3239,3.3705,3.2959,3.3705,2011267.0
1995-04-07,3.3239,3.4079,3.2492,3.3705,3085689.0
1995-04-10,3.3705,3.389,3.3424,3.389,2541949.0
1995-04-11,3.389,3.4357,3.389,3.389,2431025.0
1995-04-12,3.3705,3.4079,3.3705,3.389,2359803.0
1995-04-13,3.4079,3.4357,3.3705,3.389,1927531.0
1995-04-17,3.4357,3.5475,3.4079,3.5009,6264345.0
1995-04-18,3.5286,3.5475,3.482,3.5009,3203129.0
1995-04-19,3.5009,3.5286,3.4079,3.4542,3317312.0
1995-04-20,3.4542,3.4542,3.4079,3.4357,2075970.0
1995-04-21,3.482,3.9107,3.389,3.9107,19333505.0
1995-04-24,3.864,4.0222,3.8175,4.0036,10130285.0
1995-04-25,4.0036,4.2737,3.9846,4.255,9688775.0
1995-04-26,4.227,4.255,4.1155,4.162,5722784.0
1995-04-27,4.1155,4.1155,4.0501,4.0968,3591354.0
1995-04-28,4.0968,4.2085,4.0501,4.2085,4260149.0
1995-05-01,4.19,4.2085,4.162,4.162,3590268.0
1995-05-02,4.1155,4.2085,4.0688,4.0688,3187902.0
1995-05-03,4.0968,4.2085,4.0688,4.19,3632678.0
1995-05-04,4.162,4.2085,4.1155,4.1155,2831762.0
1995-05-05,4.1433,4.1433,3.8918,3.9846,5283455.0
1995-05-08,3.9385,4.0036,3.9107,4.0036,2226043.0
1995-05-09,4.0501,4.0688,3.9571,4.0036,1681763.0
1995-05-10,3.9846,4.0036,3.9385,3.9846,1085834.0
1995-05-11,3.9571,4.0688,3.9385,4.0688,1905239.0
1995-05-12,4.0688,4.0688,3.9846,4.0036,5558579.0
1995-05-15,4.0036,4.0222,3.9846,3.9846,2046607.0
1995-05-16,4.0036,4.0968,3.9571,3.9846,4880545.0
1995-05-17,3.9846,3.9846,3.799,3.8175,5889710.0
1995-05-18,3.864,4.0688,3.7522,3.9571,13946742.0
1995-05-19,3.9571,3.9846,3.8453,3.9385,3907262.0
1995-05-22,3.9107,4.0036,3.9107,3.9846,8855774.0
1995-05-23,4.0036,4.0968,4.0036,4.0688,3061216.0
1995-05-24,4.1155,4.1433,3.9846,4.0222,4258516.0
1995-05-25,4.0036,4.0036,3.8918,3.9107,2146653.0
1995-05-26,3.8734,3.9385,3.8734,3.9385,2479968.0
1995-05-30,3.9107,3.9385,3.8453,3.8918,1788335.0
1995-05-31,3.8918,4.0315,3.8918,4.0315,3782206.0
1995-06-01,4.0036,4.0315,3.9571,4.0036,2038993.0
1995-06-02,3.9571,3.9846,3.8918,3.9571,1502877.0
1995-06-05,4.0036,4.0036,3.9107,3.9846,2055853.0
1995-06-06,3.9846,4.0501,3.9571,4.0036,2642540.0
1995-06-07,4.0501,4.255,4.0501,4.2361,10360824.0
1995-06-08,4.255,4.255,4.1433,4.162,3991540.0
1995-06-09,4.1155,4.2361,4.0968,4.19,5201346.0
1995-06-12,4.19,4.3016,4.162,4.3016,4275911.0
1995-06-13,4.3016,4.4415,4.3016,4.4415,7949375.0
1995-06-14,4.4415,4.5065,4.3946,4.4875,6504674.0
1995-06-15,4.4599,4.6922,4.4599,4.5529,10154205.0
1995-06-16,4.5996,4.5996,4.4415,4.4415,4449905.0
1995-06-19,4.4415,4.5246,4.4415,4.4875,2656137.0
1995-06-20,4.4599,4.4875,4.3946,4.4599,1890019.0
1995-06-21,4.4415,4.5065,4.4133,4.4599,2787719.0
1995-06-22,4.4599,4.6458,4.4599,4.6182,5853822.0
1995-06-23,4.5714,4.6182,4.5065,4.5529,3561449.0
1995-06-26,4.5529,4.5529,4.3946,4.4133,2017794.0
1995-06-27,4.3668,4.3946,4.255,4.3016,2470722.0
1995-06-28,4.3016,4.3016,4.1433,4.2828,4200335.0
1995-06-29,4.2828,4.3199,4.255,4.255,2485948.0
1995-06-30,4.255,4.3481,4.255,4.3481,1929163.0
1995-07-03,4.3199,4.3946,4.3016,4.3668,663352.0
1995-07-05,4.3199,4.4415,4.3199,4.3668,2514220.0
1995-07-06,4.3946,4.5246,4.3668,4.5246,3084595.0
1995-07-07,4.5065,4.7113,4.4875,4.6643,8060836.0
1995-07-10,4.7113,4.9157,4.6922,4.8229,10205322.0
1995-07-11,4.8229,4.8507,4.6643,4.7113,7212613.0
1995-07-12,4.7113,4.7113,4.6182,4.6922,2322826.0
1995-07-13,4.7298,4.8697,4.7298,4.8229,5083356.0
1995-07-14,4.8229,4.8229,4.758,4.8041,2534879.0
1995-07-17,4.8229,4.9157,4.8041,4.8229,5372080.0
1995-07-18,4.8697,4.8697,4.8041,4.8507,3825162.0
1995-07-19,4.8229,4.8976,4.5529,4.7113,6855922.0
1995-07-20,4.7298,4.8697,4.7298,4.7763,4505371.0
1995-07-21,4.8229,4.8976,4.7298,4.7763,3929554.0
1995-07-24,4.9157,5.0092,4.8229,4.9813,8960171.0
1995-07-25,4.9813,5.1861,4.9813,5.1673,11081814.0
1995-07-26,5.1861,5.1861,5.1208,5.1396,6134936.0
1995-07-27,5.1208,5.4187,5.1208,5.3909,10322764.0
1995-07-28,5.3721,5.4373,5.1396,5.1396,5527042.0
1995-07-31,5.1396,5.2327,5.1396,5.2327,1988432.0
1995-08-01,5.2139,5.2327,5.1673,5.2327,3670739.0
1995-08-02,5.2327,5.279,4.9157,5.0746,7508404.0
1995-08-03,5.0746,5.279,5.0092,5.1024,7868898.0
1995-08-04,5.0746,5.2327,5.0556,5.2139,4304732.0
1995-08-07,5.1861,5.2327,5.1673,5.1861,2988901.0
1995-08-08,5.1861,5.2327,5.1396,5.1673,4111708.0
1995-08-09,5.1861,5.1861,5.0746,5.1396,3259134.0
1995-08-10,5.1396,5.1673,4.9813,5.0092,2327174.0
1995-08-11,5.0275,5.0275,4.8697,4.8976,2333701.0
1995-08-14,4.8697,4.9348,4.8697,4.9157,1907416.0
1995-08-15,4.9157,4.9813,4.8697,4.9813,1448500.0
1995-08-16,4.9348,5.0746,4.9157,5.0092,3911069.0
1995-08-17,5.0556,5.279,5.0092,5.2327,4372152.0
1995-08-18,5.2604,5.2604,5.0746,5.0746,3519037.0
1995-08-21,5.0556,5.1673,5.0556,5.1024,2208642.0
1995-08-22,5.1024,5.1208,5.0556,5.0746,1926990.0
1995-08-23,5.1024,5.1024,4.9157,4.9627,4524398.0
1995-08-24,4.9348,4.9813,4.9157,4.9813,4719057.0
1995-08-25,4.9348,5.0092,4.9157,4.9627,939025.0
1995-08-28,4.9348,4.9348,4.8507,4.8507,1769308.0
1995-08-29,4.8041,4.8041,4.6922,4.758,3907803.0
1995-08-30,4.758,4.7763,4.5996,4.6182,7769394.0
1995-08-31,4.6458,4.7298,4.6182,4.7113,5822832.0
1995-09-01,4.6922,4.7113,4.6643,4.6643,1382164.0
1995-09-05,4.7113,4.9439,4.6922,4.8697,2347292.0
1995-09-06,4.8229,5.0275,4.8229,4.9439,2410909.0
1995-09-07,4.9627,4.9813,4.8976,4.9157,1234272.0
1995-09-08,4.9439,4.9627,4.7763,4.8507,2313042.0
1995-09-11,4.8507,4.8507,4.6458,4.6922,4337357.0
1995-09-12,4.6922,4.7113,4.6458,4.6643,2874173.0
1995-09-13,4.6643,4.8697,4.6458,4.6643,3494030.0
1995-09-14,4.6643,4.7389,4.6458,4.7389,2498996.0
1995-09-15,4.7113,4.7113,4.6643,4.6643,3665302.0
1995-09-18,4.6922,4.7763,4.6458,4.758,7629111.0
1995-09-19,4.7763,4.8041,4.7113,4.758,5659715.0
1995-09-20,4.7763,4.9157,4.7763,4.8507,6076213.0
1995-09-21,4.8229,4.8788,4.758,4.7763,2821427.0
1995-09-22,4.7389,4.7389,4.6458,4.7113,1764955.0
1995-09-25,4.7113,4.7389,4.6643,4.6922,1368574.0
1995-09-26,4.7113,4.7113,4.5343,4.5529,2846982.0
1995-09-27,4.5343,4.5343,4.3668,4.4415,5415033.0
1995-09-28,4.4875,4.6458,4.4415,4.6458,3520668.0
1995-09-29,4.6643,4.7389,4.5714,4.5714,1999304.0
1995-10-02,4.5996,4.6182,4.3946,4.4133,2783910.0
1995-10-03,4.4415,4.5065,4.2828,4.3016,3815372.0
1995-10-04,4.3293,4.3293,4.19,4.255,6072950.0
1995-10-05,4.2828,4.3668,4.255,4.3016,1393042.0
1995-10-06,4.3293,4.3293,4.2361,4.2828,3055235.0
1995-10-09,4.2828,4.3016,4.1245,4.162,1584437.0
1995-10-10,4.0968,4.162,4.0501,4.1433,2918213.0
1995-10-11,4.1245,4.19,4.1245,4.162,3687053.0
1995-10-12,4.162,4.19,4.1433,4.1433,1546378.0
1995-10-13,4.2085,4.3481,4.2085,4.3293,2164599.0
1995-10-16,4.3293,4.3481,4.3016,4.3016,2117292.0
1995-10-17,4.3016,4.4133,4.2828,4.2828,1807915.0
1995-10-18,4.2828,4.3293,4.2361,4.2828,2688760.0
1995-10-19,4.3016,4.3293,3.6872,3.7336,8896556.0
1995-10-20,3.7336,3.9571,3.7336,3.8453,9916054.0
1995-10-23,3.8265,3.8453,3.7522,3.7799,3751754.0
1995-10-24,3.8265,3.8918,3.799,3.8265,6015314.0
1995-10-25,3.8265,3.8453,3.7522,3.7799,4073103.0
1995-10-26,3.799,3.8453,3.7336,3.7522,3392348.0
1995-10-27,3.7336,3.7336,3.5942,3.6682,4346598.0
1995-10-30,3.6872,3.715,3.6404,3.6682,3262395.0
1995-10-31,3.6872,3.7522,3.6404,3.6404,6348081.0
1995-11-01,3.6404,3.715,3.6404,3.6682,2847527.0
1995-11-02,3.6682,3.9385,3.6682,3.9197,5610778.0
1995-11-03,3.9197,3.9571,3.799,3.9571,2826862.0
1995-11-06,3.9571,4.1245,3.9571,4.0501,4142696.0
1995-11-07,4.0501,4.0501,3.9385,4.0036,2155358.0
1995-11-08,4.0315,4.162,4.0315,4.1433,2350555.0
1995-11-09,4.1433,4.2085,4.1433,4.2085,2613179.0
1995-11-10,4.2085,4.255,4.19,4.2361,1549636.0
1995-11-13,4.2085,4.255,4.162,4.162,1528977.0
1995-11-14,4.1433,4.255,4.1245,4.2361,2344029.0
1995-11-15,4.4133,4.4875,4.3668,4.4415,4859338.0
1995-11-16,4.4415,4.5529,4.4133,4.5343,2669185.0
1995-11-17,4.5343,4.5529,4.4415,4.5343,3147667.0
1995-11-20,4.5343,4.5714,4.5343,4.5714,2133606.0
1995-11-21,4.5714,4.5714,4.4415,4.4599,2469631.0
1995-11-22,4.4599,4.6458,4.4599,4.6458,2851878.0
1995-11-24,4.6458,4.6922,4.6458,4.6643,558413.0
1995-11-27,4.6458,4.6643,4.5343,4.5714,2143393.0
1995-11-28,4.5529,4.6182,4.5343,4.5529,2727364.0
1995-11-29,4.5714,4.5714,4.4133,4.5343,2591428.0
1995-11-30,4.5343,4.5996,4.4415,4.5529,3225420.0
1995-12-01,4.5714,4.5996,4.4875,4.5343,1839449.0
1995-12-04,4.4875,4.5806,4.4415,4.5529,2711593.0
1995-12-05,4.5343,4.7113,4.5065,4.6922,4190546.0
1995-12-06,4.7113,4.758,4.6643,4.7113,4036672.0
1995-12-07,4.6922,4.6922,4.5065,4.5806,3028589.0
1995-12-08,4.5529,4.5529,4.4599,4.5065,930325.0
1995-12-11,4.5065,4.6278,4.4875,4.5806,1736680.0
1995-12-12,4.5343,4.5806,4.5065,4.5529,2297267.0
1995-12-13,4.5529,4.5996,4.5343,4.5529,2283676.0
1995-12-14,4.5529,4.5529,4.4226,4.4415,1949280.0
1995-12-15,4.4599,4.4599,4.3293,4.3481,4371063.0
1995-12-18,4.3293,4.3293,4.2175,4.255,2033557.0
1995-12-19,4.255,4.3481,4.2361,4.3293,3309699.0
1995-12-20,4.3481,4.5529,4.3481,4.5065,6105032.0
1995-12-21,4.4599,4.5065,4.3481,4.3481,3154739.0
1995-12-22,4.3481,4.376,4.3016,4.3016,1671976.0
1995-12-26,4.3016,4.3016,4.1711,4.19,1781809.0
1995-12-27,4.1711,4.1711,4.0315,4.0315,3429324.0
1995-12-28,4.0501,4.1433,4.0315,4.1433,2740954.0
1995-12-29,4.1433,4.255,4.1433,4.19,2083586.0
1996-01-02,4.19,4.3293,4.19,4.2828,2350010.0
1996-01-03,4.3016,4.376,4.255,4.3016,2316301.0
1996-01-04,4.3016,4.3016,4.1433,4.1433,3523931.0
1996-01-05,4.1245,4.1433,4.0501,4.1433,3238470.0
1996-01-08,4.2175,4.3016,4.19,4.2828,1495264.0
1996-01-09,4.3293,4.3481,4.2361,4.2361,3010103.0
1996-01-10,4.1433,4.2175,4.0315,4.0501,3137881.0
1996-01-11,4.0501,4.2361,4.0501,4.2175,2987265.0
1996-01-12,4.2361,4.3016,4.2175,4.2828,2434833.0
1996-01-15,4.255,4.255,4.2175,4.2361,2187979.0
1996-01-16,4.2175,4.3481,4.19,4.3293,3217813.0
1996-01-17,4.255,4.3293,4.19,4.2361,4036672.0
1996-01-18,4.2361,4.2361,4.0968,4.2175,2788262.0
1996-01-19,4.19,4.2175,4.1245,4.1711,2593608.0
1996-01-22,4.1433,4.2361,4.1433,4.2361,2744761.0
1996-01-23,4.2175,4.4226,4.19,4.255,2569683.0
1996-01-24,4.3016,4.376,4.1711,4.1711,12027367.0
1996-01-25,4.376,4.7113,4.3481,4.5529,14636196.0
1996-01-26,4.5529,4.6458,4.5343,4.5996,2988901.0
1996-01-29,4.5996,4.6458,4.5529,4.5996,4013293.0
1996-01-30,4.5996,4.6922,4.5806,4.6643,3297193.0
1996-01-31,4.6643,4.7858,4.6278,4.7858,6961413.0
1996-02-01,4.7858,4.7858,4.6278,4.6458,2869276.0
1996-02-02,4.6643,4.7389,4.6458,4.7113,3272725.0
1996-02-05,4.6922,4.832,4.6922,4.7858,2645259.0
1996-02-06,4.758,5.0746,4.758,5.0371,6823298.0
1996-02-07,5.0746,5.0746,4.9627,4.9904,4923501.0
1996-02-08,4.9904,5.1208,4.9627,5.0556,5174707.0
1996-02-09,5.0556,5.1208,4.9904,5.0092,7467081.0
1996-02-12,5.0371,5.0556,4.9157,5.0556,3382014.0
1996-02-13,4.9904,5.1208,4.9904,5.0556,4139437.0
1996-02-14,5.0746,5.2419,5.0746,5.2139,8182635.0
1996-02-15,5.2419,5.2419,5.1673,5.1673,4703832.0
1996-02-16,5.2419,5.2604,5.1673,5.2139,4094852.0
1996-02-20,5.1488,5.307,5.1488,5.307,5426450.0
1996-02-21,5.2604,5.4001,5.2139,5.4001,5100756.0
1996-02-22,5.4187,5.4654,5.4001,5.4654,7916745.0
1996-02-23,5.5119,5.7816,5.4933,5.5302,12568927.0
1996-02-26,5.5119,5.8098,5.4933,5.7636,10126476.0
1996-02-27,5.7636,5.7724,5.4001,5.6052,8436011.0
1996-02-28,5.7167,5.7167,5.5398,5.5585,4550499.0
1996-02-29,5.5398,5.6982,5.5119,5.6052,4691870.0
1996-03-01,5.6236,5.6513,5.5398,5.6513,2825779.0
1996-03-04,5.7167,6.0146,5.6982,5.8098,8955275.0
1996-03-05,5.7912,5.7912,5.6513,5.7167,2756725.0
1996-03-06,5.7448,5.7912,5.6236,5.6513,3286864.0
1996-03-07,5.6702,5.6982,5.6052,5.6513,2118929.0
1996-03-08,5.4933,5.4933,5.2886,5.3721,4174779.0
1996-03-11,5.2139,5.8098,5.1952,5.7636,5360662.0
1996-03-12,5.6513,5.7167,5.4933,5.6513,5437327.0
1996-03-13,5.6982,5.7448,5.6052,5.7167,3868656.0
1996-03-14,5.7636,5.8285,5.7167,5.8285,4458063.0
1996-03-15,5.8098,5.8285,5.6513,5.6702,2100984.0
1996-03-18,5.6982,5.7636,5.6236,5.6982,2877976.0
1996-03-19,5.7912,5.8098,5.5585,5.5862,5176333.0
1996-03-20,5.6052,5.6236,5.5585,5.5862,2751830.0
1996-03-21,5.6052,5.6513,5.5585,5.5862,2235831.0
1996-03-22,5.5862,5.5862,5.4465,5.4933,1684484.0
1996-03-25,5.5119,5.5862,5.4001,5.4654,2720836.0
1996-03-26,5.4465,5.4933,5.4187,5.4465,2513131.0
1996-03-27,5.4654,5.4654,5.2886,5.3538,2251052.0
1996-03-28,5.2886,5.4465,5.2604,5.3721,2320105.0
1996-03-29,5.3721,5.4933,5.335,5.4187,3236841.0
1996-04-01,5.3721,5.4001,5.335,5.4001,1625214.0
1996-04-02,5.3721,5.4187,5.307,5.4001,2112944.0
1996-04-03,5.3538,5.5585,5.335,5.5398,2823060.0
1996-04-04,5.5862,5.7167,5.5862,5.6513,5106739.0
1996-04-08,5.5398,5.5585,5.4654,5.5119,3410293.0
1996-04-09,5.4933,5.5398,5.4654,5.5119,1598574.0
1996-04-10,5.4654,5.6236,5.4465,5.4654,1588245.0
1996-04-11,5.4654,5.4933,5.2139,5.307,3752300.0
1996-04-12,5.307,5.3538,5.2419,5.307,1972659.0
1996-04-15,5.3538,5.6702,5.335,5.6513,3407572.0
1996-04-16,5.6236,5.6236,5.4933,5.5585,1821503.0
1996-04-17,5.9215,5.9679,5.7167,5.7912,10053617.0
1996-04-18,5.7912,5.8566,5.7636,5.7912,5065414.0
1996-04-19,5.8285,5.9028,5.8098,5.8285,4469485.0
1996-04-22,5.875,6.0614,5.875,5.9961,5752150.0
1996-04-23,5.4933,5.7167,5.4654,5.6052,8997144.0
1996-04-24,5.6513,5.6982,5.5119,5.5585,5888624.0
1996-04-25,5.5119,5.5398,5.3538,5.3721,6428007.0
1996-04-26,5.3721,5.3721,5.1952,5.2886,11482548.0
1996-04-29,5.2886,5.4001,5.2604,5.3721,3290126.0
1996-04-30,5.4001,5.4654,5.3721,5.4187,1782899.0
1996-05-01,5.4187,5.4465,5.307,5.4187,1555075.0
1996-05-02,5.3721,5.4001,5.335,5.4001,3404851.0
1996-05-03,5.4001,5.4001,5.1488,5.1952,5547703.0
1996-05-06,5.2419,5.2604,4.9439,5.0092,6140375.0
1996-05-07,5.0556,5.0556,4.8041,4.8788,10809948.0
1996-05-08,4.832,4.832,4.6922,4.832,5825009.0
1996-05-09,4.8507,5.0092,4.832,4.9627,6208343.0
1996-05-10,5.0092,5.1024,4.9252,5.0834,3399959.0
1996-05-13,5.0834,5.4001,5.0834,5.3721,6249119.0
1996-05-14,5.4001,5.4654,5.3538,5.3721,3565800.0
1996-05-15,5.3721,5.4933,5.335,5.3538,3732179.0
1996-05-16,5.2886,5.5398,5.2886,5.4933,3529913.0
1996-05-17,5.5119,5.5862,5.4933,5.5398,2838827.0
1996-05-20,5.5585,5.5862,5.4465,5.4465,2606108.0
1996-05-21,5.4654,5.5398,5.4187,5.4933,3472815.0
1996-05-22,5.4933,5.5119,5.3721,5.4187,2280960.0
1996-05-23,5.4187,5.4654,5.2604,5.335,2849702.0
1996-05-24,5.335,5.335,5.1488,5.1952,2055853.0
1996-05-28,5.1952,5.2139,5.1024,5.1024,2837739.0
1996-05-29,5.1304,5.2604,5.1024,5.1952,8355000.0
1996-05-30,5.1952,5.1952,4.9718,5.0834,5479741.0
1996-05-31,5.0556,5.0556,4.9904,4.9904,3431496.0
1996-06-03,5.0182,5.1024,4.9252,5.0182,6826566.0
1996-06-04,5.0371,5.0556,5.0182,5.0182,3134073.0
1996-06-05,5.0371,5.1766,5.0371,5.1766,3149840.0
1996-06-06,5.0834,5.4465,5.0834,5.3538,8833480.0
1996-06-07,5.2231,5.335,5.1952,5.2604,3687594.0
1996-06-10,5.307,5.307,5.2231,5.2419,2575664.0
1996-06-11,5.307,5.3538,5.2886,5.335,4032865.0
1996-06-12,5.335,5.335,5.1952,5.2419,1405550.0
1996-06-13,5.2886,5.2886,5.1766,5.1952,1911216.0
1996-06-14,5.1952,5.2231,5.1766,5.1766,1350084.0
1996-06-17,5.1952,5.1952,5.0371,5.0371,1571932.0
1996-06-18,5.1766,5.4001,5.1766,5.2231,6524793.0
1996-06-19,5.2231,5.2419,4.9439,4.9904,4018187.0
1996-06-20,5.0556,5.0834,4.9252,4.9904,4389011.0
1996-06-21,4.9904,5.1488,4.9904,5.1488,4190546.0
1996-06-24,5.1488,5.2604,5.1488,5.2231,2648522.0
1996-06-25,5.2604,5.3815,5.2419,5.307,6771104.0
1996-06-26,5.307,5.3538,5.1766,5.1766,2130341.0
1996-06-27,5.1488,5.1766,4.8976,4.9904,6456829.0
1996-06-28,5.1952,5.307,5.1952,5.307,4049175.0
1996-07-01,5.2886,5.2886,5.1488,5.1952,1490368.0
1996-07-02,5.1952,5.1952,5.0834,5.1304,2722469.0
1996-07-03,5.1024,5.1488,5.0834,5.1304,1602381.0
1996-07-05,5.0556,5.0834,4.9904,5.0371,1039618.0
1996-07-08,5.0182,5.0182,4.8976,4.9252,3035115.0
1996-07-09,4.9904,5.1024,4.9439,5.1024,1856849.0
1996-07-10,5.0834,5.0834,4.8507,4.8976,2629492.0
1996-07-11,4.9252,4.9252,4.6458,4.7389,4346055.0
1996-07-12,4.7389,4.8041,4.7206,4.7672,2870366.0
1996-07-15,4.7206,4.7389,4.4689,4.5624,5285625.0
1996-07-16,4.5624,4.5806,4.0783,4.2175,5569454.0
1996-07-17,4.5624,4.9252,4.4226,4.4415,7597578.0
1996-07-18,4.4226,4.5343,4.3293,4.5154,3524474.0
1996-07-19,4.5624,4.5624,4.3293,4.4226,2916580.0
1996-07-22,4.3946,4.3946,4.2175,4.3293,4446101.0
1996-07-23,4.376,4.6458,4.3574,4.4875,5393830.0
1996-07-24,4.3574,4.4415,4.2828,4.3946,3528282.0
1996-07-25,4.4689,4.5154,4.2361,4.2643,3770243.0
1996-07-26,4.3106,4.3574,4.2643,4.3106,5626002.0
1996-07-29,4.3106,4.3106,4.19,4.2175,3076985.0
1996-07-30,4.2175,4.2361,4.1711,4.2175,2539774.0
1996-07-31,4.2175,4.5806,4.2175,4.5154,4224802.0
1996-08-01,4.5343,4.5996,4.3106,4.5624,6706945.0
1996-08-02,4.6458,4.6458,4.4415,4.6278,3385280.0
1996-08-05,4.5996,4.6278,4.4226,4.5996,1497982.0
1996-08-06,4.5806,4.5806,4.4226,4.4875,1993324.0
1996-08-07,4.5343,4.5996,4.5154,4.5624,1842167.0
1996-08-08,4.5624,4.7389,4.5624,4.7389,3153647.0
1996-08-09,4.6922,4.6922,4.6278,4.6739,1237535.0
1996-08-12,4.6739,4.6739,4.5806,4.5996,1213609.0
1996-08-13,4.5996,4.5996,4.5343,4.5343,718816.0
1996-08-14,4.5343,4.5624,4.4415,4.4415,1662190.0
1996-08-15,4.4689,4.4689,4.3574,4.3574,1826943.0
1996-08-16,4.376,4.4226,4.2828,4.3293,3583743.0
1996-08-19,4.2828,4.4875,4.2643,4.376,3034027.0
1996-08-20,4.376,4.3946,4.3106,4.3946,2820337.0
1996-08-21,4.3946,4.4875,4.376,4.4875,1606188.0
1996-08-22,4.4689,4.4875,4.4226,4.4875,1589874.0
1996-08-23,4.4689,4.4689,4.3946,4.4689,1373468.0
1996-08-26,4.4689,4.4689,4.3293,4.3574,2281502.0
1996-08-27,4.3293,4.3293,4.2361,4.3106,11061154.0
1996-08-28,4.19,4.2175,4.1245,4.1711,7680225.0
1996-08-29,4.19,4.2643,4.1523,4.1523,4250358.0
1996-08-30,4.1523,4.1988,4.0783,4.1523,4589647.0
1996-09-03,4.1061,4.1245,4.0501,4.1061,4058422.0
1996-09-04,4.1245,4.1523,4.0129,4.0594,3884971.0
1996-09-05,4.0594,4.0594,3.9013,3.9197,7157696.0
1996-09-06,3.9475,4.1988,3.9475,4.1523,9289674.0
1996-09-09,4.1711,4.2361,4.1061,4.2175,5564561.0
1996-09-10,4.1988,4.2828,4.1711,4.1711,4895224.0
1996-09-11,4.1061,4.2643,4.0129,4.1061,4975696.0
1996-09-12,4.1061,4.1523,4.0594,4.1061,4806054.0
1996-09-13,4.1061,4.2175,4.0594,4.1523,7929253.0
1996-09-16,4.1523,4.2828,4.1523,4.1988,5342715.0
1996-09-17,4.1988,4.2175,4.1061,4.1523,3297193.0
1996-09-18,4.1523,4.1711,4.1061,4.1061,5972360.0
1996-09-19,4.1061,4.1711,4.0594,4.1711,2881240.0
1996-09-20,4.1711,4.2643,4.1523,4.2175,4286787.0
1996-09-23,4.2175,4.2361,4.1523,4.1988,2807294.0
1996-09-24,4.1988,4.2643,4.1061,4.1711,3140056.0
1996-09-25,4.1988,4.2175,4.1523,4.1988,2833935.0
1996-09-26,4.2175,4.2643,4.1061,4.1061,3363526.0
1996-09-27,4.1061,4.1711,4.1061,4.1523,2355994.0
1996-09-30,4.1523,4.2361,4.1245,4.1711,3298824.0
1996-10-01,4.1711,4.2643,4.1711,4.2175,2286394.0
1996-10-02,4.2361,4.2643,4.1061,4.1711,2643084.0
1996-10-03,4.1988,4.2361,4.1061,4.1523,2301621.0
1996-10-04,4.1711,4.2643,4.1245,4.2175,3701189.0
1996-10-07,4.2643,4.2643,4.1245,4.1523,4540166.0
1996-10-08,4.1523,4.1523,4.0783,4.1245,9774141.0
1996-10-09,4.1061,4.1245,4.0594,4.0783,6389947.0
1996-10-10,4.0315,4.1988,4.0129,4.1061,6684109.0
1996-10-11,4.1245,4.1711,4.1061,4.1523,4420546.0
1996-10-14,4.1711,4.1988,4.0783,4.0783,6412786.0
1996-10-15,4.0783,4.1061,3.9942,4.0129,9788821.0
1996-10-16,4.0129,4.0594,3.9942,4.0594,2507148.0
1996-10-17,4.0594,4.0783,3.9663,3.9663,2501170.0
1996-10-18,4.0129,4.0594,3.808,3.8548,8133698.0
1996-10-21,3.8734,3.9013,3.7615,3.7615,8464831.0
1996-10-22,3.7893,3.8548,3.7893,3.808,8184263.0
1996-10-23,3.9013,3.9663,3.8734,3.9663,7063085.0
1996-10-24,3.9942,4.0783,3.9942,4.0315,9021069.0
1996-10-25,4.0594,4.1061,4.0129,4.0783,5934843.0
1996-10-28,4.0594,4.0783,3.9475,3.9942,4958842.0
1996-10-29,3.9942,4.0315,3.9942,3.9942,3435303.0
1996-10-30,3.9942,4.0129,3.9663,3.9663,2449513.0
1996-10-31,3.9942,4.1245,3.9663,4.1061,4005134.0
1996-11-01,4.1245,4.2643,4.1245,4.2643,8787805.0
1996-11-04,4.2643,4.2828,4.1988,4.2643,3082421.0
1996-11-05,4.2361,4.2643,4.1988,4.2361,3960004.0
1996-11-06,4.2643,4.3293,4.2643,4.3293,6225738.0
1996-11-07,4.3106,4.3293,4.2175,4.2175,6696612.0
1996-11-08,4.2361,4.2361,4.1711,4.1711,5836968.0
1996-11-11,4.1988,4.3293,4.1523,4.3293,3390719.0
1996-11-12,4.2828,4.4226,4.2828,4.376,8445800.0
1996-11-13,4.4226,4.4508,4.3293,4.4226,5067048.0
1996-11-14,4.4042,4.5154,4.4042,4.4508,3435845.0
1996-11-15,4.4689,4.4689,4.3293,4.3574,2411452.0
1996-11-18,4.4042,4.4875,4.376,4.4875,4300922.0
1996-11-19,4.4875,4.5343,4.4508,4.5343,4054614.0
1996-11-20,4.5343,4.7389,4.5154,4.6922,5867421.0
1996-11-21,4.7206,4.7206,4.5343,4.5624,2894287.0
1996-11-22,4.5806,4.6551,4.5806,4.6089,1579544.0
1996-11-25,4.5624,4.7389,4.5624,4.6739,5188295.0
1996-11-26,4.6922,4.7206,4.4508,4.4875,3645185.0
1996-11-27,4.5154,4.5343,4.4689,4.4875,2417978.0
1996-11-29,4.5154,4.5806,4.4875,4.5343,629095.0
1996-12-02,4.5154,4.6551,4.4689,4.6551,3125919.0
1996-12-03,4.6739,4.6739,4.6089,4.6739,2425591.0
1996-12-04,4.6278,4.6551,4.5806,4.6278,2509323.0
1996-12-05,4.6551,4.6739,4.6278,4.6551,2083040.0
1996-12-06,4.5154,4.5343,4.4689,4.5154,2627317.0
1996-12-09,4.3574,4.4226,4.2643,4.4226,7690009.0
1996-12-10,4.3574,4.4508,4.2175,4.2175,10464679.0
1996-12-11,4.1061,4.1523,4.1061,4.1245,6126237.0
1996-12-12,4.1523,4.1711,4.0875,4.0875,3851257.0
1996-12-13,4.1061,4.1711,4.0594,4.1523,3671825.0
1996-12-16,4.1711,4.2175,4.1061,4.1061,4240028.0
1996-12-17,4.0594,4.1523,4.0594,4.1245,3315135.0
1996-12-18,4.1245,4.1523,4.0594,4.0594,4943616.0
1996-12-19,4.0594,4.0875,3.9942,3.9942,4733192.0
1996-12-20,4.1061,4.1061,4.0036,4.0875,4169345.0
1996-12-23,4.0875,4.1245,4.0129,4.0408,2310322.0
1996-12-24,4.0594,4.1061,4.0594,4.0875,1498526.0
1996-12-26,4.0875,4.1711,4.0594,4.1245,3930100.0
1996-12-27,4.1245,4.1988,4.1061,4.1523,2706703.0
1996-12-30,4.1711,4.1988,4.0594,4.0875,3430410.0
1996-12-31,4.0875,4.1061,4.0129,4.0129,2472899.0
1997-01-02,4.0875,4.0875,3.9197,4.0129,2665379.0
1997-01-03,4.0875,4.0875,4.0129,4.0129,1589330.0
1997-01-06,4.0594,4.1061,4.0129,4.0129,2820337.0
1997-01-07,4.0129,4.1245,3.9942,4.1061,2756725.0
1997-01-08,4.1523,4.1988,4.1245,4.1523,2854598.0
1997-01-09,4.1523,4.2457,4.1245,4.1523,2819795.0
1997-01-10,4.1061,4.1245,3.9663,4.0129,3863766.0
1997-01-13,4.0129,4.0594,3.9663,3.9942,2499538.0
1997-01-14,4.0129,4.0594,4.0129,4.0408,3029677.0
1997-01-15,4.0129,4.0408,3.9663,3.9942,4423809.0
1997-01-16,3.9942,4.0408,3.9663,4.0129,4919691.0
1997-01-17,4.0408,4.0594,3.9475,3.9475,3968703.0
1997-01-20,3.9663,3.9663,3.8734,3.8734,4694039.0
1997-01-21,3.8734,3.9663,3.8734,3.9475,4529836.0
1997-01-22,3.9475,4.0875,3.8734,3.9197,4450454.0
1997-01-23,3.9475,4.0875,3.9197,3.9475,8134240.0
1997-01-24,3.9663,4.0129,3.9197,4.0129,3993173.0
1997-01-27,3.9942,4.0408,3.9663,3.9942,3444002.0
1997-01-28,4.0408,4.1523,4.0129,4.0594,4585298.0
1997-01-29,4.0594,4.1523,4.0594,4.1523,5245932.0
1997-01-30,4.1523,4.1523,4.0408,4.0594,3119936.0
1997-01-31,4.0875,4.1061,3.9942,4.0129,2429940.0
1997-02-03,4.0129,4.1061,4.0129,4.0875,1819331.0
1997-02-04,4.0875,4.1061,4.0408,4.1061,1471340.0
1997-02-05,4.1061,4.1061,3.9475,3.9475,4047545.0
1997-02-06,3.9663,4.0594,3.9663,4.0594,1932426.0
1997-02-07,4.0875,4.1245,3.9663,4.0129,3140601.0
1997-02-10,4.0594,4.1061,4.0129,4.0129,2689302.0
1997-02-11,4.1061,4.1988,4.1061,4.1523,6644957.0
1997-02-12,4.2175,4.376,4.1988,4.3574,6641692.0
1997-02-13,4.4042,4.4689,4.376,4.4042,5058346.0
1997-02-14,4.376,4.4042,4.3293,4.3574,2352190.0
1997-02-18,4.3293,4.3293,4.1711,4.1988,4021446.0
1997-02-19,4.2175,4.3293,4.2175,4.3106,3747947.0
1997-02-20,4.3293,4.3293,4.2643,4.3106,2487574.0
1997-02-21,4.3106,4.3293,4.2926,4.3293,2540318.0
1997-02-24,4.376,4.497,4.376,4.4689,3675635.0
1997-02-25,4.4689,4.5624,4.4689,4.5439,4459697.0
1997-02-26,4.5439,4.5439,4.3574,4.3574,2978566.0
1997-02-27,4.3574,4.4042,4.3106,4.3386,1851409.0
1997-02-28,4.2926,4.3386,4.2643,4.2926,1634461.0
1997-03-03,4.2643,4.3851,4.2457,4.3386,1307677.0
1997-03-04,4.3851,4.4508,4.3851,4.4042,2222778.0
1997-03-05,4.4042,4.4319,4.3386,4.4042,2569683.0
1997-03-06,4.4042,4.4042,4.2926,4.3106,1952544.0
1997-03-07,4.3106,4.3851,4.2926,4.3106,2142849.0
1997-03-10,4.2926,4.4042,4.2457,4.3574,3130268.0
1997-03-11,4.4042,4.4042,4.3386,4.3574,2457674.0
1997-03-12,4.3574,4.4042,4.2926,4.3851,2751830.0
1997-03-13,4.3574,4.3851,4.2457,4.2643,3335253.0
1997-03-14,4.2643,4.3386,4.2457,4.2926,1043966.0
1997-03-17,4.2643,4.3106,4.1988,4.3106,3262941.0
1997-03-18,4.2926,4.4042,4.2926,4.3386,2992159.0
1997-03-19,4.3851,4.3851,4.2175,4.2175,2491382.0
1997-03-20,4.2175,4.2643,4.1988,4.2175,1978096.0
1997-03-21,4.2643,4.2926,4.2175,4.2643,2165686.0
1997-03-24,4.3106,4.3106,4.2175,4.2457,1771480.0
1997-03-25,4.2457,4.2926,4.2457,4.2643,1335407.0
1997-03-26,4.2643,4.3851,4.2643,4.3574,2204832.0
1997-03-27,4.3851,4.3851,4.1988,4.2457,3539155.0
1997-03-31,4.1988,4.2175,4.0408,4.0408,2493019.0
1997-04-01,4.0594,4.0875,4.0129,4.0875,1702428.0
1997-04-02,4.1061,4.1061,3.9942,4.0129,1962331.0
1997-04-03,3.9663,3.9942,3.9294,3.9942,2066727.0
1997-04-04,3.9663,4.1988,3.9663,4.1804,3673460.0
1997-04-07,4.1988,4.2643,4.1337,4.2175,2592517.0
1997-04-08,4.2457,4.2457,4.1804,4.1804,1739947.0
1997-04-09,4.1804,4.2175,4.1061,4.1061,2263015.0
1997-04-10,4.1061,4.2175,4.1061,4.1523,1640440.0
1997-04-11,4.1061,4.1804,4.0875,4.1337,2811640.0
1997-04-14,4.1337,4.1337,4.0129,4.0408,1944933.0
1997-04-15,4.0594,4.1061,4.0408,4.0875,1407183.0
1997-04-16,4.0594,4.1523,4.0594,4.0875,2578927.0
1997-04-17,4.1337,4.3386,4.1061,4.3106,6424201.0
1997-04-18,4.2457,4.2926,4.1804,4.1804,3220529.0
1997-04-21,4.1988,4.3574,4.1988,4.2926,2629492.0
1997-04-22,4.3386,4.4042,4.3106,4.4042,3522843.0
1997-04-23,4.4042,4.6089,4.3851,4.6089,7705778.0
1997-04-24,5.0929,5.0929,4.7482,4.7672,15457233.0
1997-04-25,4.7672,4.7672,4.4319,4.6089,6332310.0
1997-04-28,4.7206,4.9718,4.7017,4.9533,11194911.0
1997-04-29,5.065,5.065,4.9066,5.0182,6957056.0
1997-04-30,4.9998,5.1114,4.9718,5.0182,5845670.0
1997-05-01,5.0182,5.0464,4.8136,4.8136,3552749.0
1997-05-02,4.86,5.0929,4.86,5.0929,5205151.0
1997-05-05,5.0182,5.065,4.86,5.0464,5928861.0
1997-05-06,4.9998,5.0464,4.9533,4.9533,3467381.0
1997-05-07,4.9252,4.9252,4.7953,4.8136,4624446.0
1997-05-08,4.7672,5.0464,4.7482,5.0182,3782206.0
1997-05-09,5.0182,5.0464,4.86,4.86,3160718.0
1997-05-12,4.9066,4.9252,4.8136,4.9066,2862749.0
1997-05-13,4.9066,4.9533,4.8136,4.9252,3279796.0
1997-05-14,4.9252,4.9718,4.8136,4.86,3500005.0
1997-05-15,4.86,4.86,4.7482,4.86,1930791.0
1997-05-16,4.86,4.9718,4.86,4.9718,3030765.0
1997-05-19,4.9252,4.9533,4.8416,4.9252,1931882.0
1997-05-20,4.86,5.0182,4.8416,5.0182,3128637.0
1997-05-21,4.9998,5.0182,4.9066,4.9998,3214547.0
1997-05-22,4.9533,4.9718,4.8883,4.8883,1524626.0
1997-05-23,4.9066,5.0182,4.9066,4.9718,5359574.0
1997-05-27,4.9533,5.065,4.9533,4.9998,4477637.0
1997-05-28,5.0182,5.0182,4.86,4.8883,2575664.0
1997-05-29,4.8136,4.8136,4.6833,4.7298,8107055.0
1997-05-30,4.7017,4.7482,4.6551,4.7017,4395533.0
1997-06-02,4.7017,4.7298,4.5624,4.5624,4873477.0
1997-06-03,4.6089,4.6833,4.5624,4.6833,5752150.0
1997-06-04,4.6551,4.6833,4.6089,4.6368,4486339.0
1997-06-05,4.6551,4.7298,4.6368,4.6551,5109999.0
1997-06-06,4.6833,4.8136,4.6551,4.8136,2606656.0
1997-06-09,4.7953,4.8136,4.7763,4.7953,3802325.0
1997-06-10,4.7763,4.7953,4.6551,4.6551,4585298.0
1997-06-11,4.6833,4.7017,4.6551,4.6833,2838282.0
1997-06-12,4.7017,4.7298,4.6833,4.7017,2301074.0
1997-06-13,4.7298,4.7953,4.7298,4.7482,2043348.0
1997-06-16,4.7482,4.7763,4.7298,4.7298,2776845.0
1997-06-17,4.7482,4.8416,4.7017,4.7763,2224955.0
1997-06-18,4.7482,4.7763,4.7017,4.7017,1575736.0
1997-06-19,4.7017,4.7298,4.6089,4.7017,2441357.0
1997-06-20,4.7482,4.8416,4.7298,4.8416,3842557.0
1997-06-23,4.7953,4.8883,4.7953,4.8136,2897554.0
1997-06-24,4.8416,4.8976,4.7858,4.7953,4226978.0
1997-06-25,4.7482,4.8788,4.7298,4.758,2264105.0
1997-06-26,4.758,4.86,4.7298,4.7858,1694271.0
1997-06-27,4.832,4.86,4.7953,4.8136,1410988.0
1997-06-30,4.832,4.86,4.7298,4.7298,3706624.0
1997-07-01,4.9348,5.0182,4.8788,5.0182,7152802.0
1997-07-02,5.0182,5.0182,4.9066,4.9533,3958917.0
1997-07-03,4.9813,4.9998,4.8883,4.9348,1996586.0
1997-07-07,4.9439,5.0092,4.8416,4.9439,4115513.0
1997-07-08,4.9439,4.9439,4.86,4.8883,2122732.0
1997-07-09,4.8883,4.9533,4.86,4.8883,3320033.0
1997-07-10,4.8883,4.9157,4.8416,4.8788,2473437.0
1997-07-11,4.8883,4.9533,4.8788,4.9348,2148832.0
1997-07-14,4.9066,4.9348,4.7482,4.7858,2545753.0
1997-07-15,4.7953,4.9533,4.758,4.9348,2416891.0
1997-07-16,4.9066,5.0182,4.9066,4.9998,3050339.0
1997-07-17,4.9998,4.9998,4.8416,4.86,2395144.0
1997-07-18,4.8416,4.8507,4.7953,4.8136,2125455.0
1997-07-21,4.7763,4.8507,4.758,4.7858,1469710.0
1997-07-22,4.7953,4.9439,4.7953,4.9066,2576748.0
1997-07-23,4.9066,4.9813,4.8788,4.9813,3135705.0
1997-07-24,4.9813,5.0092,4.8507,4.9533,3376580.0
1997-07-25,4.9813,5.158,4.9533,5.1114,11212309.0
1997-07-28,5.158,5.1673,5.0834,5.1114,4340074.0
1997-07-29,5.0464,5.1861,5.0092,5.0929,7884670.0
1997-07-30,5.1114,5.3441,5.0929,5.3441,8300079.0
1997-07-31,5.3164,5.4095,5.2509,5.2978,4729387.0
1997-08-01,5.2978,5.2978,5.065,5.1114,5795646.0
1997-08-04,5.1114,5.335,5.1114,5.335,3037835.0
1997-08-05,5.335,5.4373,5.3164,5.3441,3189532.0
1997-08-06,5.2978,5.4001,5.2699,5.3538,2569139.0
1997-08-07,5.4187,5.4837,5.3441,5.3538,3305348.0
1997-08-08,5.2978,5.3164,5.1114,5.1952,3963810.0
1997-08-11,5.2139,5.3631,5.2049,5.335,3579936.0
1997-08-12,5.3164,5.335,5.1396,5.2139,4238396.0
1997-08-13,5.2604,5.335,5.2049,5.2509,5807067.0
1997-08-14,5.2886,5.307,5.1396,5.1673,1655125.0
1997-08-15,5.158,5.1673,5.1024,5.1114,1329970.0
1997-08-18,5.1024,5.1396,5.0182,5.1024,1882406.0
1997-08-19,5.1952,5.2419,5.1024,5.1861,1730702.0
1997-08-20,5.1396,5.2699,5.1304,5.2699,1973204.0
1997-08-21,5.2699,5.2978,5.2139,5.2604,2035737.0
1997-08-22,5.2049,5.4654,5.1952,5.4654,4260692.0
1997-08-25,5.4465,5.4654,5.2699,5.335,3122659.0
1997-08-26,5.2699,5.3164,5.2139,5.2139,1658927.0
1997-08-27,5.2139,5.4001,5.1952,5.2699,2618072.0
1997-08-28,5.2327,5.2886,5.158,5.2049,1605100.0
1997-08-29,5.1766,5.2231,5.1208,5.1208,891722.0
1997-09-02,5.1396,5.4095,5.1304,5.3631,3444544.0
1997-09-03,5.4095,5.4373,5.307,5.3441,2546297.0
1997-09-04,5.3441,5.4373,5.335,5.3909,2189065.0
1997-09-05,5.4001,5.4465,5.3631,5.4373,2248333.0
1997-09-08,5.4563,5.9122,5.4563,5.8474,13914119.0
1997-09-09,5.7074,5.7636,5.5955,5.6513,8942227.0
1997-09-10,5.6142,5.8474,5.5862,5.7259,7012520.0
1997-09-11,5.6422,5.7816,5.6142,5.7074,4854444.0
1997-09-12,5.7074,5.7259,5.6142,5.661,3563623.0
1997-09-15,5.689,5.8285,5.689,5.7074,4484161.0
1997-09-16,5.7541,5.9306,5.7541,5.8656,10035676.0
1997-09-17,5.8285,6.0334,5.8285,5.94,6979356.0
1997-09-18,5.8474,5.9306,5.8285,5.8656,3348849.0
1997-09-19,5.8656,6.0614,5.8656,5.9496,6395927.0
1997-09-22,5.9589,5.9867,5.8474,5.8474,2922561.0
1997-09-23,5.7074,5.8474,5.5771,5.6795,5135011.0
1997-09-24,5.7074,5.7448,5.5955,5.6422,2347835.0
1997-09-25,5.6332,5.689,5.5495,5.5495,2420153.0
1997-09-26,5.8474,5.8474,5.7541,5.8285,6550887.0
1997-09-29,5.8285,5.94,5.8285,5.9306,4217192.0
1997-09-30,5.9306,5.9496,5.8098,5.8474,3451073.0
1997-10-01,5.94,5.9496,5.8008,5.8098,7099518.0
1997-10-02,5.8008,5.9306,5.7636,5.8656,6588951.0
1997-10-03,5.9589,6.0146,5.7541,5.8098,1872615.0
1997-10-06,5.8938,5.9496,5.8846,5.9122,4881631.0
1997-10-07,5.8938,5.9773,5.8285,5.9589,4618466.0
1997-10-08,6.0334,6.0334,5.9306,5.9496,2671900.0
1997-10-09,5.9306,6.0334,5.9122,6.0334,2080862.0
1997-10-10,5.9773,6.1448,5.9589,6.0985,2663746.0
1997-10-13,6.1172,6.1543,6.0798,6.1172,1905239.0
1997-10-14,6.2104,6.4429,6.1916,6.3967,6290440.0
1997-10-15,6.3967,6.6663,6.3499,6.5457,8122825.0
1997-10-16,6.5457,6.5919,6.3406,6.3406,4141065.0
1997-10-17,6.294,6.3312,6.0892,6.2104,4291681.0
1997-10-20,6.2104,6.3499,6.1637,6.3499,4484161.0
1997-10-21,6.3499,6.5826,6.3499,6.508,4036127.0
1997-10-22,6.5359,6.5919,6.4895,6.5457,3858326.0
1997-10-23,6.2567,6.5359,6.2567,6.4524,5075747.0
1997-10-24,6.4335,6.4617,6.2104,6.2104,10933378.0
1997-10-27,6.2104,6.2662,5.4373,5.5028,8537691.0
1997-10-28,5.158,6.0798,5.158,5.9773,6714010.0
1997-10-29,5.9589,6.1172,5.8656,5.9961,3802870.0
1997-10-30,5.94,6.0427,5.8474,5.94,3808308.0
1997-10-31,6.0798,6.0892,5.94,5.9589,2429396.0
1997-11-03,5.9867,6.2104,5.9867,6.1916,2630579.0
1997-11-04,6.1916,6.294,6.0985,6.294,3275992.0
1997-11-05,6.294,6.4429,6.294,6.3499,3275992.0
1997-11-06,6.3499,6.4895,6.2846,6.4895,2238548.0
1997-11-07,6.2567,6.2662,6.1543,6.1822,2808921.0
1997-11-10,6.1822,6.2567,5.9867,5.9961,1571932.0
1997-11-11,5.9867,6.1079,5.9867,6.0519,949901.0
1997-11-12,6.0054,6.2104,6.0054,6.1172,3867026.0
1997-11-13,6.1172,6.2104,6.0334,6.2009,4407498.0
1997-11-14,6.2104,6.4429,6.1822,6.3499,5269315.0
1997-11-17,6.3592,6.4895,6.3312,6.3967,2582189.0
1997-11-18,6.3499,6.5457,6.3406,6.4895,3124288.0
1997-11-19,6.4989,6.5549,6.4524,6.4895,3494571.0
1997-11-20,6.5549,6.7596,6.5549,6.7413,4042106.0
1997-11-21,6.713,6.713,6.4989,6.4989,2547932.0
1997-11-24,6.4989,6.6943,6.4617,6.6385,1751362.0
1997-11-25,6.7413,6.8343,6.657,6.7502,3956744.0
1997-11-26,6.7596,6.8155,6.6477,6.6477,4819648.0
1997-11-28,6.713,6.7502,6.6854,6.6943,3416091.0
1997-12-01,6.6943,6.713,6.4429,6.4617,5701217.0
1997-12-02,6.5826,6.5919,6.3406,6.3873,4095395.0
1997-12-03,6.4617,6.5457,6.2009,6.4895,2972407.0
1997-12-04,6.4895,6.6103,6.4895,6.5639,3986283.0
1997-12-05,6.4617,6.6943,6.4617,6.6103,3230135.0
1997-12-08,6.5457,6.9271,6.5457,6.8247,3699194.0
1997-12-09,6.8343,6.8525,6.6854,6.7502,2118743.0
1997-12-10,6.7221,6.8062,6.6293,6.8062,1735593.0
1997-12-11,6.7502,6.8062,6.5269,6.8062,3632497.0
1997-12-12,6.955,7.132,6.8343,7.0294,4639489.0
1997-12-15,7.132,7.1971,6.9738,7.0481,3112690.0
1997-12-16,7.0481,7.0481,6.8525,6.8711,2108597.0
1997-12-17,6.9271,6.9921,6.8711,6.89,2191244.0
1997-12-18,6.9271,6.9738,6.7316,6.8062,1733057.0
1997-12-19,6.3777,6.6477,6.3035,6.6477,4274099.0
1997-12-22,6.6293,6.7875,6.3777,6.4058,3844913.0
1997-12-23,6.3406,6.3406,6.1729,6.1729,4088505.0
1997-12-24,6.2752,6.294,6.1729,6.1729,1710945.0
1997-12-26,6.1822,6.2752,6.1822,6.2198,433899.0
1997-12-29,6.2752,6.294,6.2381,6.294,1878776.0
1997-12-30,6.294,6.5826,6.2752,6.5826,3875365.0
1997-12-31,6.5826,6.89,6.5639,6.7502,2589256.0
1998-01-02,6.8247,6.89,6.5269,6.6477,1500701.0
1998-01-05,6.6477,7.0294,6.6477,6.955,3197507.0
1998-01-06,7.0294,7.0761,6.6854,6.7221,3279434.0
1998-01-07,6.6477,6.9738,6.5826,6.9738,3247896.0
1998-01-08,6.9738,7.0574,6.7316,6.8525,2491382.0
1998-01-09,6.8343,7.0947,6.4429,6.5826,4672838.0
1998-01-12,6.3035,6.8711,6.3035,6.8525,4852994.0
1998-01-13,6.8247,6.9085,6.8247,6.89,2339137.0
1998-01-14,6.955,6.955,6.7221,6.8343,2169495.0
1998-01-15,6.7688,6.9271,6.7221,6.7316,2263741.0
1998-01-16,6.8525,7.0761,6.8525,6.9738,4665229.0
1998-01-20,7.132,7.4857,7.0947,7.4395,6823121.0
1998-01-21,7.5418,7.7836,7.3648,7.6813,8152002.0
1998-01-22,7.5788,7.7464,7.402,7.402,4511531.0
1998-01-23,7.4577,7.5043,7.0574,7.1507,4007306.0
1998-01-26,7.402,7.5601,7.0761,7.1971,3901463.0
1998-01-27,7.1971,7.281,6.8525,7.0294,4340437.0
1998-01-28,7.2623,7.6067,7.0761,7.5788,5101661.0
1998-01-29,7.5788,7.6067,7.3369,7.3834,2688578.0
1998-01-30,7.3557,7.3834,7.1507,7.1507,2457307.0
1998-02-02,7.6627,7.6627,7.4202,7.6627,4508267.0
1998-02-03,7.5418,7.6627,7.4763,7.5043,3444729.0
1998-02-04,7.588,7.6255,7.5231,7.5788,2247792.0
1998-02-05,7.6627,7.6813,7.4577,7.5788,2645441.0
1998-02-06,7.5418,7.7653,7.5418,7.6906,3878626.0
1998-02-09,7.7464,7.9328,7.6813,7.9328,5255357.0
1998-02-10,7.9139,8.2305,7.905,8.1188,7987431.0
1998-02-11,8.1562,8.1745,8.0722,8.1097,4087423.0
1998-02-12,8.0536,8.4449,8.0072,8.2399,4164991.0
1998-02-13,8.3423,8.6404,8.1377,8.2119,6347538.0
1998-02-17,8.2772,8.3331,8.1933,8.2305,2925279.0
1998-02-18,8.2305,8.3141,7.9884,8.0164,3574138.0
1998-02-19,8.1188,8.1377,7.8303,7.8674,2966966.0
1998-02-20,7.7653,7.793,7.3369,7.6067,8827680.0
1998-02-23,7.8859,8.091,7.8488,7.9328,12549711.0
1998-02-24,7.9328,8.1097,7.7836,7.793,4730113.0
1998-02-25,7.9513,8.091,7.905,7.9884,10448005.0
1998-02-26,7.9884,7.9884,7.6906,7.9513,4285701.0
1998-02-27,7.8859,7.97,7.793,7.8674,2498996.0
1998-03-02,7.8859,8.0164,7.8488,7.97,3739434.0
1998-03-03,8.0353,8.2119,7.9328,8.1562,3902550.0
1998-03-04,8.2119,8.2119,7.6627,8.0072,3751027.0
1998-03-05,7.9422,7.9422,7.7836,7.905,2251778.0
1998-03-06,7.8859,8.2494,7.8859,8.1933,3349391.0
1998-03-09,8.1282,8.3701,8.1282,8.3141,2782099.0
1998-03-10,8.3701,8.4539,8.2494,8.2962,2554094.0
1998-03-11,8.2962,8.2962,8.1562,8.2305,3417177.0
1998-03-12,8.2119,8.4166,8.1933,8.3701,2133244.0
1998-03-13,8.3701,8.5007,8.3141,8.4732,2493557.0
1998-03-16,8.575,8.6777,8.4732,8.519,3314596.0
1998-03-17,8.519,8.8079,8.4732,8.7613,4388282.0
1998-03-18,8.7054,8.7244,8.5007,8.519,4197256.0
1998-03-19,8.5007,8.5007,8.3984,8.5007,2138680.0
1998-03-20,8.5007,8.5565,8.1562,8.2583,3216356.0
1998-03-23,6.9921,7.9422,6.9921,7.7836,14042440.0
1998-03-24,7.7464,8.0722,7.7464,7.97,4750050.0
1998-03-25,8.2305,8.2583,7.8488,8.091,5791840.0
1998-03-26,8.0536,8.091,7.8859,7.8859,3215273.0
1998-03-27,8.0536,8.0536,7.8674,7.9232,4105906.0
1998-03-30,7.9513,8.0072,7.8674,7.9513,3788367.0
1998-03-31,8.0536,8.147,7.9884,8.1097,3718043.0
1998-04-01,8.2305,8.2305,8.0536,8.147,2714675.0
1998-04-02,8.1562,8.2583,8.0444,8.2305,2543220.0
1998-04-03,8.2583,8.3331,8.1282,8.1933,3851439.0
1998-04-06,8.2583,8.2772,8.0536,8.0536,2287304.0
1998-04-07,8.091,8.091,7.9422,7.9884,1792141.0
1998-04-08,8.0258,8.0258,7.9513,7.9884,1087102.0
1998-04-09,8.0072,8.091,7.9513,7.9884,1742480.0
1998-04-13,7.97,8.0722,7.8488,8.0536,2927092.0
1998-04-14,8.147,8.1562,8.0444,8.091,2125995.0
1998-04-15,8.2119,8.519,8.1933,8.519,6430180.0
1998-04-16,8.4357,8.5007,8.3517,8.3701,3670196.0
1998-04-17,8.4539,8.4539,8.2583,8.3331,3457416.0
1998-04-20,8.2583,8.2962,8.1562,8.2772,2489207.0
1998-04-21,8.2583,8.4166,8.2305,8.3701,2546846.0
1998-04-22,8.3701,8.3794,8.1745,8.2119,2893744.0
1998-04-23,8.147,8.1562,7.905,7.9422,3628509.0
1998-04-24,7.9513,8.0072,7.5976,7.6438,9754928.0
1998-04-27,7.402,7.5601,7.2717,7.4202,4829797.0
1998-04-28,7.4763,7.5043,7.0667,7.1971,7755078.0
1998-04-29,7.2717,7.5043,7.253,7.4202,3911250.0
1998-04-30,7.6161,7.6999,7.4951,7.5231,3343955.0
1998-05-01,7.6161,7.6813,7.3369,7.3369,2934343.0
1998-05-04,7.3369,7.4577,7.3369,7.3557,4202329.0
1998-05-05,7.3369,7.374,7.1971,7.2717,3228682.0
1998-05-06,7.3557,7.3928,7.0481,7.0947,4457882.0
1998-05-07,7.132,7.2717,7.1132,7.2717,4451355.0
1998-05-08,7.2717,7.4577,7.2717,7.2995,4495941.0
1998-05-11,7.3369,7.3928,7.1692,7.1971,3920313.0
1998-05-12,7.2158,7.2717,7.0761,7.1692,3006478.0
1998-05-13,7.132,7.1971,7.0761,7.1971,2271350.0
1998-05-14,7.1971,7.402,7.1692,7.3557,3666571.0
1998-05-15,7.3928,7.402,7.0112,7.0947,5338372.0
1998-05-18,7.132,7.1786,7.0481,7.132,2709237.0
1998-05-19,7.1786,7.2158,6.9271,6.9738,3455240.0
1998-05-20,6.9921,7.1786,6.9645,7.1692,4324851.0
1998-05-21,7.1971,7.3178,7.0481,7.132,3278710.0
1998-05-22,7.132,7.3178,7.132,7.253,2653416.0
1998-05-26,7.374,7.4395,7.3557,7.4202,4240385.0
1998-05-27,7.402,7.402,7.132,7.29,2407287.0
1998-05-28,7.2158,7.4202,7.2158,7.3557,1850864.0
1998-05-29,7.402,7.4763,7.29,7.3178,2051683.0
1998-06-01,7.3369,7.3369,7.0947,7.0947,2673350.0
1998-06-02,7.1786,7.2995,7.132,7.2995,2653053.0
1998-06-03,7.374,7.6627,7.374,7.5325,5291969.0
1998-06-04,7.4763,7.5976,7.3369,7.4763,2708150.0
1998-06-05,7.4763,7.6161,7.4763,7.5976,1905963.0
1998-06-08,7.6161,7.8395,7.6161,7.8026,2912234.0
1998-06-09,7.8583,8.0258,7.7558,8.0258,4900482.0
1998-06-10,7.9422,8.1282,7.8859,7.9422,4343699.0
1998-06-11,7.9609,7.9791,7.8859,7.9422,2337688.0
1998-06-12,8.0072,8.0072,7.6813,7.8026,2240177.0
1998-06-15,7.7558,8.0816,7.6813,7.9609,2955366.0
1998-06-16,7.9609,8.0072,7.8674,7.9609,2449333.0
1998-06-17,7.8859,8.0258,7.8583,7.9609,2106784.0
1998-06-18,7.9609,8.0072,7.9232,7.9609,1912850.0
1998-06-19,7.9884,7.9884,7.8026,7.8205,2020511.0
1998-06-22,7.9609,8.2119,7.9232,7.9791,3351568.0
1998-06-23,7.9791,8.0444,7.8583,7.9609,2228940.0
1998-06-24,7.9609,8.0444,7.7653,8.0072,1844340.0
1998-06-25,7.9422,8.184,7.9422,8.184,2672267.0
1998-06-26,8.147,8.1933,7.9791,7.9791,1582625.0
1998-06-29,7.9884,8.2678,7.9791,8.2678,2765425.0
1998-06-30,8.147,8.2119,8.0816,8.1097,2321014.0
1998-07-01,8.147,8.3331,8.147,8.3052,2109683.0
1998-07-02,8.091,8.2305,8.0444,8.091,1643883.0
1998-07-06,8.0816,8.4166,8.0258,8.4166,2672623.0
1998-07-07,8.4357,8.6313,8.4166,8.5379,4049355.0
1998-07-08,8.5565,8.6123,8.3701,8.389,2287662.0
1998-07-09,8.389,8.4912,8.2678,8.4732,3142413.0
1998-07-10,8.4732,8.6404,8.3701,8.6313,3909802.0
1998-07-13,8.5379,8.6404,8.3141,8.4074,2241264.0
1998-07-14,8.4539,8.7333,8.4357,8.7147,3137699.0
1998-07-15,8.5098,8.5565,8.3052,8.3141,2427585.0
1998-07-16,8.2305,8.2305,7.8859,8.147,3417544.0
1998-07-17,8.1933,8.3331,8.1653,8.3141,3164887.0
1998-07-20,8.3701,8.4732,8.2494,8.2678,3063753.0
1998-07-21,8.3701,8.4166,8.2305,8.2305,2771585.0
1998-07-22,8.3052,8.6123,8.2864,8.3701,3491127.0
1998-07-23,8.5565,8.7425,8.3701,8.519,5708827.0
1998-07-24,8.6404,8.7333,8.2494,8.4912,4746787.0
1998-07-27,8.4357,8.7613,8.4074,8.7613,4196166.0
1998-07-28,8.7613,8.8452,8.575,8.836,5153137.0
1998-07-29,8.8638,8.8638,8.7147,8.7799,4438671.0
1998-07-30,8.7613,9.0581,8.7613,9.0218,3893126.0
1998-07-31,9.1887,9.2077,8.9846,9.0394,5135373.0
1998-08-03,8.9662,9.0863,8.8638,8.9195,2680240.0
1998-08-04,8.9195,9.1056,8.3141,8.3141,5517797.0
1998-08-05,8.3517,8.6777,8.3331,8.6313,3641924.0
1998-08-06,8.4732,8.6123,8.4166,8.6123,2718662.0
1998-08-07,8.4357,8.7147,8.4357,8.4732,3475900.0
1998-08-10,8.4357,8.6777,8.4166,8.519,5196997.0
1998-08-11,8.3331,8.4074,8.2494,8.4074,2841907.0
1998-08-12,8.5098,8.696,8.4912,8.5937,2373937.0
1998-08-13,8.575,8.6404,8.4166,8.4357,2266278.0
1998-08-14,8.4166,8.5379,8.1653,8.2305,4517332.0
1998-08-17,8.1933,8.4539,8.0628,8.3331,4257426.0
1998-08-18,8.3052,8.5098,8.2864,8.5098,3927198.0
1998-08-19,8.5565,8.7985,8.4732,8.575,4474557.0
1998-08-20,8.5098,8.696,8.5098,8.6123,4067842.0
1998-08-21,8.4357,8.4912,8.1001,8.2305,2839494.0
1998-08-24,8.3052,8.4357,8.2305,8.4074,2612819.0
1998-08-25,8.519,8.7985,8.519,8.6684,2545636.0
1998-08-26,8.6684,8.6684,8.2864,8.4357,1620084.0
1998-08-27,8.2305,8.389,7.8205,8.184,3989065.0
1998-08-28,8.184,8.3609,7.9513,8.0258,2772314.0
1998-08-31,8.184,8.2119,7.0761,7.3369,4561315.0
1998-09-01,7.5137,7.9232,7.253,7.7744,3814104.0
1998-09-02,7.8205,8.1097,7.4672,7.4672,2419007.0
1998-09-03,7.4111,7.4672,7.1786,7.3088,2108718.0
1998-09-04,7.4111,7.4857,7.132,7.253,2198611.0
1998-09-08,7.8205,7.8771,7.672,7.8488,3144711.0
1998-09-09,7.8771,8.1282,7.8488,8.0536,3053122.0
1998-09-10,7.8205,7.8205,7.5696,7.7188,2445350.0
1998-09-11,7.6161,8.0536,7.5696,7.8205,3051911.0
1998-09-14,8.0258,8.2864,8.0258,8.2399,2916580.0
1998-09-15,8.2119,8.519,8.1282,8.2583,2249120.0
1998-09-16,8.2583,8.5657,8.2399,8.4912,2202723.0
1998-09-17,8.2399,8.3423,8.2119,8.2399,1413947.0
1998-09-18,8.3141,8.389,8.2399,8.2864,2250811.0
1998-09-21,8.2119,8.3423,8.0258,8.3423,1435211.0
1998-09-22,8.3423,8.9289,8.3423,8.8823,2935427.0
1998-09-23,8.9571,9.3669,8.9289,9.3193,4280990.0
1998-09-24,9.3669,9.629,8.7985,8.9289,4062288.0
1998-09-25,8.5937,9.2164,8.5937,9.0037,2652690.0
1998-09-28,9.2164,9.4686,9.0311,9.2902,2281259.0
1998-09-29,9.2644,9.3935,9.0037,9.0581,3050460.0
1998-09-30,8.9013,8.9571,8.1097,8.3423,4448458.0
1998-10-01,8.0816,8.3609,7.7464,7.8205,4741588.0
1998-10-02,7.9232,8.1097,7.8026,7.9232,3115225.0
1998-10-05,7.8026,7.8488,7.588,7.8488,1949222.0
1998-10-06,7.8205,8.2399,7.5696,7.9232,4685041.0
1998-10-07,7.8205,7.9232,7.3648,7.4672,2700296.0
1998-10-08,7.0016,7.0016,6.3035,6.7413,5789906.0
1998-10-09,6.7413,7.281,6.7413,7.2066,4007912.0
1998-10-12,7.2066,7.4672,7.132,7.2066,2655832.0
1998-10-13,7.2345,7.253,6.7968,6.9271,2390249.0
1998-10-14,6.8993,7.3834,6.8711,7.1507,3646876.0
1998-10-15,7.1507,8.3423,7.1507,8.2583,4355419.0
1998-10-16,8.6494,8.6494,8.0816,8.3423,4761890.0
1998-10-19,8.2399,8.7799,8.2399,8.5937,2872838.0
1998-10-20,8.7244,8.9846,8.2399,8.3423,4247400.0
1998-10-21,8.389,8.5937,8.2583,8.3423,2918518.0
1998-10-22,8.2399,8.6494,8.184,8.4449,2929875.0
1998-10-23,8.4166,8.6684,8.389,8.519,2200545.0
1998-10-26,8.5469,8.5937,8.4449,8.4912,1926990.0
1998-10-27,8.4449,8.6684,8.3609,8.5469,2564724.0
1998-10-28,8.5937,8.7985,8.4635,8.5469,1857390.0
1998-10-29,8.4635,8.4912,8.2399,8.389,2296245.0
1998-10-30,8.4912,8.7244,8.4912,8.696,3882978.0
1998-11-02,8.8547,9.1341,8.7985,9.0311,2669606.0
1998-11-03,9.0037,9.0581,8.5469,8.696,3587429.0
1998-11-04,9.0037,9.3382,8.7799,8.8823,6317928.0
1998-11-05,8.8547,9.775,8.8547,9.525,5955684.0
1998-11-06,9.525,9.629,8.9571,9.1056,3339243.0
1998-11-09,9.0581,9.0581,8.6216,8.8266,5208233.0
1998-11-10,8.696,8.9846,8.696,8.7518,3346009.0
1998-11-11,8.7985,8.9571,8.6216,8.6684,2283918.0
1998-11-12,8.6684,8.7799,8.519,8.6684,2434956.0
1998-11-13,8.696,8.9013,8.6494,8.8266,1820661.0
1998-11-16,8.9846,9.0863,8.8823,8.9571,1934721.0
1998-11-17,9.0311,9.1056,8.8823,9.1056,2262653.0
1998-11-18,9.1056,9.4408,9.0037,9.2902,3347700.0
1998-11-19,9.2164,9.2363,8.7985,8.8547,7027444.0
1998-11-20,8.9571,8.9846,8.5469,8.6684,6139102.0
1998-11-23,8.6684,9.0037,8.6494,8.9013,4457158.0
1998-11-24,8.9289,9.3935,8.9013,9.3935,4686492.0
1998-11-25,9.2902,9.3669,9.0311,9.0863,2398463.0
1998-11-27,9.2363,9.2363,9.161,9.2164,683410.0
1998-11-30,9.1887,9.2644,8.8547,8.9289,2295516.0
1998-12-01,8.6684,9.2363,8.6684,9.1056,4284131.0
1998-12-02,9.0863,9.2902,8.9571,9.161,4033530.0
1998-12-03,9.0581,9.1341,9.0037,9.0037,2563519.0
1998-12-04,9.0581,9.1341,8.9846,9.1056,3279071.0
1998-12-07,9.1435,9.2644,9.0863,9.2454,2635294.0
1998-12-08,9.2454,9.656,9.1887,9.4221,4325938.0
1998-12-09,9.4785,9.582,9.2902,9.3669,3360270.0
1998-12-10,9.4221,9.4497,9.2164,9.2454,2654625.0
1998-12-11,9.1152,9.1152,8.7799,8.9103,3987857.0
1998-12-14,8.6494,8.9103,8.6216,8.8079,3289705.0
1998-12-15,8.7518,8.8079,8.6494,8.7054,2609191.0
1998-12-16,8.7518,8.7518,8.4166,8.4912,2357866.0
1998-12-17,8.389,8.8266,8.3701,8.8079,2815808.0
1998-12-18,8.6031,9.0863,8.6031,9.0863,2801554.0
1998-12-21,8.9846,9.2164,8.9846,9.0394,2009393.0
1998-12-22,8.9571,8.9846,8.7518,8.9289,1811232.0
1998-12-23,8.8547,9.0581,8.8547,8.9846,2045646.0
1998-12-24,9.0581,9.0581,8.9571,9.0394,636288.0
1998-12-28,9.0581,9.1435,8.9289,9.1435,1693787.0
1998-12-29,9.0581,9.2454,8.9846,9.161,1352323.0
1998-12-30,9.1887,9.582,9.1435,9.525,2658007.0
1998-12-31,9.4497,9.4965,9.2454,9.3479,1998037.0
1999-01-04,9.2454,9.4497,9.2164,9.4497,4059386.0
1999-01-05,9.3669,10.142,9.3669,10.038,5608422.0
1999-01-06,10.094,10.296,9.859,10.167,6029632.0
1999-01-07,10.019,10.502,9.783,10.502,7573835.0
1999-01-08,13.183,13.183,11.58,11.771,13583890.0
1999-01-11,11.741,11.741,10.811,11.123,7533961.0
1999-01-12,10.969,11.143,10.659,10.735,4456916.0
1999-01-13,9.99,11.228,9.99,10.864,4412934.0
1999-01-14,10.913,10.996,10.689,10.811,3162592.0
1999-01-15,11.043,11.169,10.838,10.864,4252713.0
1999-01-19,11.069,11.58,10.943,11.535,4451599.0
1999-01-20,11.506,11.535,10.864,10.969,3599751.0
1999-01-21,10.996,11.275,10.708,11.043,3855669.0
1999-01-22,10.913,11.015,10.708,10.996,2747903.0
1999-01-25,10.864,10.969,10.764,10.943,2250088.0
1999-01-26,10.969,11.123,10.969,11.015,2486913.0
1999-01-27,11.069,11.069,10.603,10.689,2654865.0
1999-01-28,10.735,10.811,10.296,10.456,2901116.0
1999-01-29,10.502,11.098,10.268,11.098,4564697.0
1999-02-01,11.098,11.506,11.098,11.303,4363638.0
1999-02-02,11.228,11.275,10.735,10.943,2668400.0
1999-02-03,10.764,11.303,10.735,11.303,2597351.0
1999-02-04,11.333,11.638,11.123,11.228,3595883.0
1999-02-05,11.246,11.333,10.913,11.275,2535004.0
1999-02-08,11.353,11.381,11.143,11.275,2260720.0
1999-02-09,11.608,11.638,11.381,11.436,4930085.0
1999-02-10,11.408,11.638,11.408,11.608,3148817.0
1999-02-11,11.58,11.944,11.48,11.535,4130435.0
1999-02-12,11.48,11.888,11.069,11.817,4777354.0
1999-02-16,11.871,12.049,11.666,11.973,2858340.0
1999-02-17,11.916,12.049,11.788,11.944,2580194.0
1999-02-18,12.104,12.151,11.843,12.151,2751290.0
1999-02-19,12.122,12.356,12.02,12.356,3117161.0
1999-02-22,12.328,12.56,12.253,12.457,3766498.0
1999-02-23,12.437,12.644,12.31,12.587,3227356.0
1999-02-24,12.664,12.978,12.664,12.764,4195681.0
1999-02-25,12.644,12.644,12.31,12.614,2689665.0
1999-02-26,12.644,12.664,12.328,12.411,1655360.0
1999-03-01,12.356,12.644,12.356,12.411,2410546.0
1999-03-02,12.644,13.183,12.644,12.925,4670302.0
1999-03-03,12.925,13.079,12.719,12.774,2887340.0
1999-03-04,12.774,12.822,11.973,12.485,4375235.0
1999-03-05,12.672,12.719,12.338,12.614,4105545.0
1999-03-08,12.803,13.136,12.744,12.85,3477473.0
1999-03-09,12.822,13.154,12.541,13.052,4672233.0
1999-03-10,13.024,13.052,12.672,12.719,3283903.0
1999-03-11,12.7,12.744,12.437,12.568,3689408.0
1999-03-12,12.568,13.154,12.384,12.85,4263109.0
1999-03-15,13.005,14.163,12.908,14.058,5485174.0
1999-03-16,14.117,14.117,13.519,13.677,3933965.0
1999-03-17,13.649,13.778,13.344,13.344,3940009.0
1999-03-18,13.315,13.797,13.258,13.778,5011524.0
1999-03-19,13.824,13.824,13.389,13.389,3362683.0
1999-03-22,13.415,13.415,12.822,12.908,2917550.0
1999-03-23,12.803,13.108,12.614,12.644,4305157.0
1999-03-24,12.541,13.389,12.541,13.364,3538855.0
1999-03-25,13.491,13.576,13.213,13.344,2185806.0
1999-03-26,13.239,13.239,12.719,12.774,2591552.0
1999-03-29,12.672,12.672,12.178,12.365,4241115.0
1999-03-30,12.437,13.024,12.437,12.925,5098523.0
1999-03-31,12.978,13.154,12.365,12.466,3183131.0
1999-04-01,12.644,12.803,12.384,12.485,1733663.0
1999-04-05,12.568,12.85,12.541,12.744,2623207.0
1999-04-06,12.803,12.803,12.512,12.512,2836351.0
1999-04-07,12.614,12.925,12.614,12.925,3464906.0
1999-04-08,12.952,13.389,12.774,13.389,3467085.0
1999-04-09,13.287,14.012,13.287,13.75,4997025.0
1999-04-12,13.287,13.364,12.925,12.978,6054767.0
1999-04-13,13.079,13.154,12.952,12.978,3455483.0
1999-04-14,12.978,13.623,12.908,13.491,3532815.0
1999-04-15,13.724,13.778,12.803,12.803,2508662.0
1999-04-16,12.879,13.778,12.85,13.491,3166941.0
1999-04-19,14.219,14.421,13.239,13.389,5896239.0
1999-04-20,13.491,13.519,13.052,13.213,5075805.0
1999-04-21,13.695,14.392,13.677,14.392,4489296.0
1999-04-22,14.392,14.571,13.576,13.677,5936352.0
1999-04-23,13.724,14.524,13.596,14.468,3682162.0
1999-04-26,14.219,14.219,13.928,14.012,4091531.0
1999-04-27,13.985,14.058,13.778,13.881,3877663.0
1999-04-28,13.854,13.928,13.549,13.576,3353987.0
1999-04-29,13.596,13.677,13.213,13.287,4708238.0
1999-04-30,13.287,13.491,13.079,13.415,2901356.0
1999-05-03,13.315,13.315,12.978,13.136,3161383.0
1999-05-04,13.079,13.778,13.079,13.474,3889740.0
1999-05-05,13.519,13.576,13.005,13.239,3336826.0
1999-05-06,13.239,13.444,12.978,13.315,2894109.0
1999-05-07,13.596,13.797,13.389,13.596,2967330.0
1999-05-10,13.239,13.344,12.978,13.005,3422132.0
1999-05-11,13.079,13.724,13.024,13.596,3668381.0
1999-05-12,13.596,14.235,13.444,14.088,4990498.0
1999-05-13,14.19,14.219,13.389,14.012,5896239.0
1999-05-14,13.649,13.928,13.549,13.724,2045884.0
1999-05-17,13.695,14.032,13.576,13.985,2595661.0
1999-05-18,13.985,14.032,13.75,14.032,1861499.0
1999-05-19,14.012,14.032,13.474,13.549,4031114.0
1999-05-20,13.549,13.596,13.005,13.079,6881239.0
1999-05-21,13.052,13.052,12.076,12.614,9485359.0
1999-05-24,12.719,12.879,12.512,12.803,6183085.0
1999-05-25,12.822,13.052,12.644,12.744,3834649.0
1999-05-26,12.803,12.925,12.466,12.644,2478695.0
1999-05-27,12.614,12.879,12.512,12.774,2294071.0
1999-05-28,12.774,13.239,12.774,13.213,2329595.0
1999-06-01,13.239,13.491,13.024,13.258,2592999.0
1999-06-02,13.06,13.079,12.728,12.879,2651481.0
1999-06-03,12.978,13.268,12.879,13.213,2818950.0
1999-06-04,13.164,13.396,13.108,13.396,3249107.0
1999-06-07,13.183,13.834,13.005,13.75,2651722.0
1999-06-08,13.649,13.677,13.287,13.287,2451874.0
1999-06-09,13.136,13.164,12.803,13.005,3484479.0
1999-06-10,13.005,13.213,12.744,12.803,2750803.0
1999-06-11,12.908,12.978,12.568,12.644,2299143.0
1999-06-14,12.831,12.85,12.596,12.744,1967829.0
1999-06-15,12.744,13.005,12.728,12.978,1495387.0
1999-06-16,13.033,13.268,13.033,13.136,1737285.0
1999-06-17,13.164,13.239,12.978,13.06,1244788.0
1999-06-18,12.978,13.287,12.978,13.203,2777628.0
1999-06-21,13.183,13.549,13.079,13.474,2002868.0
1999-06-22,13.474,13.549,13.183,13.268,1270160.0
1999-06-23,13.371,13.371,13.079,13.239,1284658.0
1999-06-24,13.136,13.396,13.108,13.239,1220135.0
1999-06-25,13.239,13.474,13.164,13.164,1267984.0
1999-06-28,13.239,13.605,13.239,13.549,2429396.0
1999-06-29,13.444,13.444,13.164,13.268,3386367.0
1999-06-30,13.183,13.649,12.831,12.831,4375723.0
1999-07-01,12.978,13.344,12.978,13.136,5060824.0
1999-07-02,13.079,13.183,12.978,13.033,3544653.0
1999-07-06,13.06,13.396,13.005,13.371,3282211.0
1999-07-07,13.315,13.519,13.268,13.519,2348443.0
1999-07-08,13.415,13.649,13.315,13.649,1739461.0
1999-07-09,13.605,13.649,13.315,13.344,2399433.0
1999-07-12,13.396,13.415,13.079,13.239,1993204.0
1999-07-13,13.033,13.287,13.005,13.164,3288253.0
1999-07-14,13.136,13.371,13.108,13.287,2043950.0
1999-07-15,13.549,13.576,13.396,13.444,3478681.0
1999-07-16,13.396,13.415,13.183,13.315,3174912.0
1999-07-19,13.213,13.778,13.213,13.576,4039813.0
1999-07-20,13.213,13.482,12.522,12.596,8127150.0
1999-07-21,12.744,13.334,12.744,13.06,5192284.0
1999-07-22,12.978,13.098,12.744,12.943,2598315.0
1999-07-23,12.831,13.014,12.744,12.744,1830648.0
1999-07-26,12.672,12.71,12.365,12.437,2862052.0
1999-07-27,12.437,12.475,12.169,12.244,3443640.0
1999-07-28,12.207,12.244,11.704,11.704,5108991.0
1999-07-29,11.198,11.589,11.123,11.123,5601492.0
1999-07-30,11.285,11.589,11.088,11.436,4643721.0
1999-08-02,11.704,11.935,11.552,11.628,3132062.0
1999-08-03,11.704,11.751,10.512,10.857,8548766.0
1999-08-04,10.893,11.015,10.699,10.82,6102533.0
1999-08-05,10.979,10.979,10.745,10.933,5881173.0
1999-08-06,10.82,10.893,10.474,10.585,3241614.0
1999-08-09,10.585,10.82,10.549,10.623,2322984.0
1999-08-10,10.623,10.623,10.047,10.204,2967411.0
1999-08-11,10.122,10.277,9.811,10.122,4837855.0
1999-08-12,10.085,10.659,10.047,10.277,5885524.0
1999-08-13,10.474,10.979,10.474,10.82,3067138.0
1999-08-16,10.979,11.161,10.82,11.123,2895721.0
1999-08-17,11.198,11.363,10.82,10.857,2720922.0
1999-08-18,10.82,11.285,10.659,10.979,2560457.0
1999-08-19,10.783,10.933,10.699,10.893,4048592.0
1999-08-20,10.857,10.893,10.783,10.893,1989980.0
1999-08-23,10.893,11.123,10.783,11.088,5359348.0
1999-08-24,11.123,11.285,10.893,11.198,2788745.0
1999-08-25,11.323,11.666,11.246,11.436,4223554.0
1999-08-26,11.363,11.363,10.659,10.699,3533702.0
1999-08-27,10.783,10.82,10.623,10.659,2191844.0
1999-08-30,10.745,10.783,10.474,10.512,1835322.0
1999-08-31,10.549,10.623,10.24,10.316,1997393.0
1999-09-01,10.352,10.438,10.204,10.352,1748644.0
1999-09-02,10.277,10.438,10.167,10.24,1648118.0
1999-09-03,10.474,10.585,10.438,10.549,1627976.0
1999-09-07,10.352,10.352,9.775,9.775,4775343.0
1999-09-08,9.849,9.896,9.666,9.703,5678826.0
1999-09-09,9.582,10.085,9.2363,10.009,8084140.0
1999-09-10,10.167,10.277,9.666,10.204,5019738.0
1999-09-13,10.204,10.438,9.896,9.934,2797766.0
1999-09-14,9.896,10.277,9.739,10.132,4280750.0
1999-09-15,10.204,10.24,9.934,9.973,3071000.0
1999-09-16,9.896,9.934,9.505,9.739,5340342.0
1999-09-17,10.167,10.167,9.629,9.629,5219996.0
1999-09-20,9.811,9.896,9.505,9.703,3298968.0
1999-09-21,9.629,9.703,9.4686,9.4686,2732842.0
1999-09-22,9.4686,9.582,8.8916,9.0394,7590665.0
1999-09-23,9.3096,9.4686,9.1246,9.2733,8849229.0
1999-09-24,9.3567,9.431,9.2363,9.3567,6757109.0
1999-09-27,9.431,9.582,9.3935,9.582,7308254.0
1999-09-28,9.505,9.629,9.505,9.545,6211279.0
1999-09-29,9.545,9.666,9.545,9.666,4966896.0
1999-09-30,9.666,9.703,9.3567,9.3935,4725239.0
1999-10-01,9.3935,9.3935,9.2733,9.3096,2294473.0
1999-10-04,9.4686,9.849,9.4686,9.849,3389188.0
1999-10-05,9.849,9.973,9.3935,9.629,4764872.0
1999-10-06,9.896,10.438,9.739,10.438,4519025.0
1999-10-07,10.82,11.208,10.783,11.208,9107966.0
1999-10-08,11.363,11.628,10.623,11.015,6407345.0
1999-10-11,10.979,11.088,10.857,10.903,2778432.0
1999-10-12,10.82,11.015,10.549,10.979,2740090.0
1999-10-13,10.745,10.783,10.474,10.474,4410273.0
1999-10-14,10.438,10.708,10.277,10.438,2979010.0
1999-10-15,10.204,10.438,9.934,10.167,2168487.0
1999-10-18,10.204,10.623,10.047,10.352,2477166.0
1999-10-19,10.623,10.669,10.24,10.352,2056197.0
1999-10-20,10.277,10.352,9.973,10.085,2572540.0
1999-10-21,10.047,10.132,9.775,9.849,2234542.0
1999-10-22,9.775,10.132,9.775,9.973,1649727.0
1999-10-25,9.849,10.047,9.703,9.896,1574165.0
1999-10-26,9.849,10.009,9.666,9.739,1789246.0
1999-10-27,9.811,10.277,9.703,9.811,4788711.0
1999-10-28,10.132,10.474,10.085,10.438,3919546.0
1999-10-29,10.585,10.669,10.316,10.402,3100810.0
1999-11-01,10.277,10.352,9.973,10.132,2821128.0
1999-11-02,10.132,10.669,10.047,10.474,3560121.0
1999-11-03,10.623,10.623,10.352,10.438,2439306.0
1999-11-04,10.402,10.585,10.352,10.438,1804708.0
1999-11-05,10.585,10.82,10.549,10.783,3265296.0
1999-11-08,10.585,10.82,10.585,10.783,1614926.0
1999-11-09,10.943,10.943,10.277,10.352,2365843.0
1999-11-10,10.204,10.708,10.204,10.585,2976438.0
1999-11-11,10.585,10.745,10.352,10.352,1881073.0
1999-11-12,10.512,10.623,10.438,10.549,2578664.0
1999-11-15,10.512,10.585,10.204,10.204,2043791.0
1999-11-17,10.512,10.623,10.438,10.512,2589782.0
1999-11-18,10.474,10.474,10.047,10.277,4287353.0
1999-11-19,10.167,10.316,10.047,10.204,2313483.0
1999-11-22,10.204,10.316,10.047,10.204,2405797.0
1999-11-23,10.167,10.512,10.047,10.277,3410775.0
1999-11-24,10.24,10.352,10.047,10.047,2937606.0
1999-11-26,10.085,10.132,10.047,10.047,1108410.0
1999-11-29,10.047,10.204,10.009,10.132,3019125.0
1999-11-30,10.204,10.402,10.047,10.085,2825801.0
1999-12-01,10.085,10.316,10.085,10.204,2127405.0
1999-12-02,10.132,10.352,10.132,10.24,2389202.0
1999-12-03,10.352,10.585,10.132,10.24,3700281.0
1999-12-06,10.167,10.402,10.167,10.402,3049736.0
1999-12-07,10.474,10.632,9.934,10.094,4449426.0
1999-12-08,10.167,10.362,10.057,10.057,3180231.0
1999-12-09,9.973,10.167,9.703,9.82,4720729.0
1999-12-10,9.859,9.973,9.666,9.783,3418505.0
1999-12-13,9.739,10.009,9.666,9.82,3402720.0
1999-12-14,9.859,10.009,9.783,9.896,3094042.0
1999-12-15,9.859,9.934,9.703,9.896,3124010.0
1999-12-16,9.859,9.896,9.629,9.666,2944211.0
1999-12-17,9.82,9.896,9.666,9.666,4993317.0
1999-12-20,9.666,9.783,9.505,9.554,2912794.0
1999-12-21,9.505,9.934,9.4686,9.896,5060499.0
1999-12-22,9.82,10.094,9.666,9.783,3123201.0
1999-12-23,9.934,10.009,9.859,9.973,2291091.0
1999-12-27,10.009,10.132,9.934,9.973,2303975.0
1999-12-28,9.896,10.009,9.82,10.009,1960821.0
1999-12-29,9.859,10.167,9.859,10.094,2525018.0
1999-12-30,10.009,10.24,10.009,10.204,2556911.0
1999-12-31,10.094,10.204,9.973,9.973,1789404.0
2000-01-03,10.009,10.132,9.703,9.82,3520490.0
2000-01-04,9.82,9.973,9.554,9.554,5050189.0
2000-01-05,9.554,9.666,9.4686,9.505,3687072.0
2000-01-06,9.505,9.592,9.3935,9.4686,3017515.0
2000-01-07,9.505,9.896,9.4686,9.82,5334863.0
2000-01-10,9.82,10.057,9.82,9.934,3406749.0
2000-01-11,10.204,10.512,10.167,10.24,5611001.0
2000-01-12,10.24,10.438,10.204,10.277,2100662.0
2000-01-13,10.132,10.167,9.934,9.934,2994158.0
2000-01-14,10.057,10.132,9.934,10.009,2298822.0
2000-01-18,9.859,9.896,9.703,9.739,3904888.0
2000-01-19,9.629,9.703,9.505,9.592,3088723.0
2000-01-20,9.505,9.554,9.3193,9.3567,3605068.0
2000-01-21,9.505,9.505,9.283,9.4686,3409485.0
2000-01-24,9.3567,9.505,9.3567,9.3567,3290912.0
2000-01-25,9.505,9.554,9.431,9.505,4422683.0
2000-01-26,9.592,9.739,9.592,9.629,3570429.0
2000-01-27,9.783,9.973,9.703,9.896,3346174.0
2000-01-28,9.629,9.896,9.629,9.703,3064393.0
2000-01-31,9.703,9.896,9.666,9.859,3857200.0
2000-02-01,9.82,9.934,9.629,9.703,6052917.0
2000-02-02,9.703,10.009,9.629,9.896,3919224.0
2000-02-03,10.009,10.009,9.82,9.82,2935993.0
2000-02-04,10.009,10.057,9.82,9.973,2958553.0
2000-02-07,10.057,10.094,9.934,10.009,2534519.0
2000-02-08,10.009,10.057,9.896,10.009,2749597.0
2000-02-09,9.934,10.009,9.896,9.896,3581709.0
2000-02-10,9.934,9.934,9.666,9.739,4062128.0
2000-02-11,9.739,9.783,9.3567,9.554,4909866.0
2000-02-14,9.431,9.554,9.3567,9.505,4070506.0
2000-02-15,9.505,9.629,9.3567,9.592,4906640.0
2000-02-16,9.4686,10.167,9.431,9.973,8324502.0
2000-02-17,9.973,10.167,9.896,10.132,5168117.0
2000-02-18,10.167,10.277,9.934,10.009,5093525.0
2000-02-22,10.057,10.402,10.057,10.167,5356774.0
2000-02-23,10.277,11.06,10.204,10.943,6917248.0
2000-02-24,11.098,11.098,10.512,10.783,5516269.0
2000-02-25,10.669,11.208,10.512,11.208,4437181.0
2000-02-28,11.06,11.208,10.745,10.943,2712380.0
2000-02-29,10.943,11.408,10.669,11.408,3051832.0
2000-03-01,11.295,11.295,11.024,11.295,2662921.0
2000-03-02,11.098,11.133,10.792,11.024,3551904.0
2000-03-03,11.133,11.256,11.024,11.169,3288334.0
2000-03-06,10.903,10.943,10.708,10.864,1936168.0
2000-03-07,10.594,10.708,9.859,10.204,3436876.0
2000-03-08,10.057,11.06,9.981,10.903,3185869.0
2000-03-09,11.098,11.488,10.988,11.256,4474074.0
2000-03-10,11.295,11.58,11.256,11.562,3290427.0
2000-03-13,11.295,11.713,11.06,11.713,2954847.0
2000-03-14,11.761,12.03,11.562,11.713,3060369.0
2000-03-15,11.713,12.302,11.674,12.068,4906322.0
2000-03-16,12.068,12.374,11.871,12.302,3510984.0
2000-03-17,12.302,12.374,11.761,12.374,3659842.0
2000-03-20,11.797,12.374,11.797,12.302,2868975.0
2000-03-21,12.338,12.532,12.216,12.492,2356660.0
2000-03-22,12.492,12.492,12.068,12.104,2074561.0
2000-03-23,11.993,12.605,11.944,12.568,2733647.0
2000-03-24,12.447,12.532,12.104,12.374,2408857.0
2000-03-27,12.263,12.447,12.068,12.141,2222459.0
2000-03-28,12.374,12.644,12.302,12.644,2737189.0
2000-03-29,12.682,12.916,12.302,12.447,2164295.0
2000-03-30,12.447,12.492,11.993,12.338,2164943.0
2000-03-31,12.374,12.879,12.068,12.879,3699314.0
2000-04-03,12.764,12.841,12.532,12.605,2751370.0
2000-04-04,12.841,12.997,12.374,12.605,3713978.0
2000-04-05,12.916,13.306,12.841,13.146,3981895.0
2000-04-06,13.268,13.415,13.108,13.183,3376620.0
2000-04-07,13.306,13.491,13.268,13.344,2242915.0
2000-04-10,13.415,13.576,13.38,13.539,3075194.0
2000-04-11,13.576,13.844,13.491,13.806,3518233.0
2000-04-12,13.769,13.881,13.146,13.268,3649210.0
2000-04-13,13.38,13.415,12.841,13.221,3454754.0
2000-04-14,12.997,13.07,12.178,12.879,3691745.0
2000-04-17,12.338,12.532,11.761,11.834,3500351.0
2000-04-18,12.068,12.374,11.944,12.263,2220684.0
2000-04-19,12.302,13.344,12.302,13.033,3684332.0
2000-04-20,13.183,13.454,13.07,13.183,2891209.0
2000-04-24,13.183,13.221,12.411,12.841,3688199.0
2000-04-25,13.033,13.108,12.841,12.952,2378080.0
2000-04-26,12.841,12.997,12.568,12.916,2762970.0
2000-04-27,12.644,13.146,12.644,12.997,2339580.0
2000-04-28,13.146,13.415,12.997,13.415,1860452.0
2000-05-01,13.415,13.614,13.268,13.539,2475232.0
2000-05-02,13.491,13.769,13.306,13.454,2552237.0
2000-05-03,13.306,13.38,13.221,13.344,1336054.0
2000-05-04,13.539,13.614,13.07,13.183,1616700.0
2000-05-05,13.108,13.491,13.07,13.268,1652785.0
2000-05-08,13.306,13.92,13.221,13.881,2611206.0
2000-05-09,13.957,14.078,13.614,13.614,3171371.0
2000-05-10,13.614,13.994,13.576,13.649,2020755.0
2000-05-11,13.806,13.881,13.454,13.614,1814859.0
2000-05-12,13.491,13.614,13.108,13.221,1887678.0
2000-05-15,13.38,13.454,12.952,13.033,2467177.0
2000-05-16,13.033,13.268,12.719,12.997,3361153.0
2000-05-17,12.916,13.454,12.841,13.344,1264845.0
2000-05-18,13.183,13.454,12.997,13.033,1050732.0
2000-05-19,12.879,12.997,12.411,12.568,1592211.0
2000-05-22,12.447,12.568,12.178,12.532,2097920.0
2000-05-23,12.605,12.682,12.411,12.532,1374878.0
2000-05-24,13.033,13.146,12.302,12.532,2480870.0
2000-05-25,12.374,12.374,11.834,12.03,3000275.0
2000-05-26,12.068,12.302,11.797,11.834,1553063.0
2000-05-30,11.907,12.104,11.871,12.104,1263553.0
2000-05-31,12.141,12.302,11.834,11.871,1574969.0
2000-06-01,11.871,12.492,11.797,12.457,2554012.0
2000-06-02,12.532,12.841,12.141,12.338,1658748.0
2000-06-05,12.068,12.302,11.954,12.188,1126293.0
2000-06-06,12.457,12.457,11.954,12.104,1867541.0
2000-06-07,12.302,12.532,12.302,12.492,1217475.0
2000-06-08,12.42,12.532,12.302,12.457,934577.0
2000-06-09,12.42,12.803,12.42,12.692,1141438.0
2000-06-12,12.841,13.108,12.764,12.841,2178152.0
2000-06-13,12.728,12.879,12.644,12.764,1508114.0
2000-06-14,12.728,12.803,12.492,12.605,1357639.0
2000-06-15,12.492,12.492,11.993,12.263,1679530.0
2000-06-16,12.068,12.141,11.797,11.973,3229689.0
2000-06-19,12.03,12.226,11.993,12.104,1409354.0
2000-06-20,12.226,12.374,12.03,12.03,2020268.0
2000-06-21,12.141,12.226,11.954,12.104,1508756.0
2000-06-22,11.954,12.104,11.871,11.954,1231655.0
2000-06-23,11.993,12.03,11.761,11.797,1516651.0
2000-06-26,11.834,11.871,11.562,11.598,2716249.0
2000-06-27,11.488,12.338,11.488,12.068,3111598.0
2000-06-28,11.916,12.302,11.871,12.076,2196198.0
2000-06-29,11.916,12.104,11.684,11.916,1814859.0
2000-06-30,11.993,12.374,11.713,11.723,2654061.0
2000-07-03,11.916,12.068,11.834,12.03,655379.0
2000-07-05,12.338,12.605,12.226,12.457,2297049.0
2000-07-06,12.42,12.532,12.226,12.42,2329270.0
2000-07-07,12.492,12.568,12.302,12.338,2977563.0
2000-07-10,12.374,12.457,12.302,12.42,2024297.0
2000-07-11,12.226,12.374,11.993,12.188,1971292.0
2000-07-12,11.954,12.841,11.954,12.803,4971569.0
2000-07-13,12.997,13.07,12.532,12.568,3444123.0
2000-07-14,12.644,12.925,12.568,12.841,1681464.0
2000-07-17,12.925,13.268,12.879,13.07,3205365.0
2000-07-18,13.146,13.695,13.146,13.576,4803699.0
2000-07-19,13.844,13.844,13.306,13.306,5913396.0
2000-07-20,13.306,13.5,12.961,12.961,1903303.0
2000-07-21,13.07,13.649,12.997,13.614,3244677.0
2000-07-24,13.649,14.235,13.649,14.078,4795963.0
2000-07-25,14.155,14.703,14.002,14.117,5102872.0
2000-07-26,14.235,14.505,13.881,14.002,5980257.0
2000-07-27,14.155,14.235,14.04,14.199,3379843.0
2000-07-28,14.155,14.199,13.614,13.844,1904598.0
2000-07-31,13.769,14.657,13.769,14.619,4250136.0
2000-08-01,14.505,14.815,14.347,14.815,3834649.0
2000-08-02,14.738,14.777,14.505,14.58,2812429.0
2000-08-03,14.703,14.887,14.429,14.887,2297691.0
2000-08-04,14.934,15.122,14.738,15.046,3086467.0
2000-08-07,15.169,15.315,15.046,15.315,2992059.0
2000-08-08,15.315,15.437,15.008,15.083,2215853.0
2000-08-09,15.008,15.278,15.008,15.083,2102112.0
2000-08-10,15.205,15.241,14.934,14.97,1176074.0
2000-08-11,15.169,15.473,15.122,15.437,2105492.0
2000-08-14,15.241,15.315,15.008,15.122,2357625.0
2000-08-15,14.85,14.97,14.777,14.85,1821948.0
2000-08-16,14.85,15.122,14.738,15.083,2542736.0
2000-08-17,15.046,15.083,14.078,14.468,4166846.0
2000-08-18,14.311,14.887,14.311,14.619,2117581.0
2000-08-21,14.738,14.85,14.542,14.657,1005303.0
2000-08-22,14.58,14.85,14.311,14.429,2211506.0
2000-08-23,14.272,14.468,14.235,14.311,3703020.0
2000-08-24,14.235,14.468,14.199,14.235,2651646.0
2000-08-25,14.235,14.703,14.235,14.542,1266453.0
2000-08-28,14.542,14.815,14.505,14.619,1465906.0
2000-08-29,14.58,14.58,14.04,14.199,1895253.0
2000-08-30,14.078,14.117,13.695,13.881,2147061.0
2000-08-31,13.928,14.272,13.844,14.012,1820176.0
2000-09-01,13.928,13.967,13.464,13.695,2305267.0
2000-09-05,13.769,14.235,13.733,14.163,2653577.0
2000-09-06,14.199,14.703,14.199,14.429,2239533.0
2000-09-07,14.468,14.505,14.199,14.272,1754446.0
2000-09-08,14.429,14.505,14.235,14.356,2401607.0
2000-09-11,14.311,14.311,13.695,13.806,2869138.0
2000-09-12,13.806,13.928,13.539,13.695,3108217.0
2000-09-13,13.806,14.04,13.695,13.928,3648889.0
2000-09-14,13.928,14.088,13.733,14.002,2061995.0
2000-09-15,13.733,14.088,13.733,14.002,2810334.0
2000-09-18,13.854,14.002,13.806,13.891,1916677.0
2000-09-19,13.891,14.04,13.389,13.967,3487299.0
2000-09-20,13.967,14.468,13.806,14.356,3595242.0
2000-09-21,14.356,14.815,14.163,14.235,4726204.0
2000-09-22,14.088,14.667,14.04,14.468,1928598.0
2000-09-25,14.667,14.777,14.356,14.628,1926665.0
2000-09-26,14.468,14.628,14.272,14.542,1422081.0
2000-09-27,14.429,14.777,14.356,14.738,1424335.0
2000-09-28,14.777,15.008,14.505,14.97,2554659.0
2000-09-29,15.046,15.169,14.703,15.008,2354082.0
2000-10-02,15.008,15.241,14.815,15.205,1763307.0
2000-10-03,15.205,16.173,15.205,15.778,5415739.0
2000-10-04,15.94,16.246,15.71,15.94,3963046.0
2000-10-05,15.94,16.554,15.71,16.285,3506631.0
2000-10-06,16.285,16.48,15.94,16.173,2952588.0
2000-10-09,16.015,16.331,15.862,15.979,1651819.0
2000-10-10,15.979,16.404,15.825,15.979,1583190.0
2000-10-11,15.597,15.862,15.241,15.672,2614105.0
2000-10-12,15.778,15.778,14.703,14.896,3443640.0
2000-10-13,14.815,15.132,14.628,15.046,1992396.0
2000-10-16,15.169,15.437,14.777,15.205,3464420.0
2000-10-17,15.473,15.979,15.437,15.778,2169130.0
2000-10-18,15.778,15.979,15.315,15.71,2444784.0
2000-10-19,15.71,16.443,15.71,16.331,3008173.0
2000-10-20,16.173,16.516,16.136,16.331,2505196.0
2000-10-23,16.21,16.677,16.054,16.136,2522758.0
2000-10-24,16.173,16.751,16.097,16.677,3365827.0
2000-10-25,16.404,16.601,16.331,16.443,2041700.0
2000-10-26,16.285,16.638,16.097,16.285,2639564.0
2000-10-27,16.285,16.714,16.173,16.677,1735274.0
2000-10-30,16.714,17.84,16.714,17.84,5844766.0
2000-10-31,17.645,17.84,17.176,17.645,3805000.0
2000-11-01,17.645,18.147,17.521,17.913,3618117.0
2000-11-02,17.913,17.95,17.486,17.756,2289156.0
2000-11-03,17.793,17.84,17.374,17.756,1860937.0
2000-11-06,17.913,18.529,17.84,18.257,2760231.0
2000-11-07,18.257,18.342,17.879,18.072,2601862.0
2000-11-08,18.025,18.492,17.793,18.295,1832741.0
2000-11-09,18.379,18.529,18.147,18.492,3122557.0
2000-11-10,18.417,18.492,18.025,18.11,1952604.0
2000-11-13,17.84,18.342,17.793,18.342,1657295.0
2000-11-14,18.257,18.576,18.22,18.492,1666156.0
2000-11-15,18.379,18.576,18.295,18.492,2436084.0
2000-11-16,18.379,18.529,18.257,18.295,968894.0
2000-11-17,18.417,18.611,18.185,18.257,1838863.0
2000-11-20,18.417,18.611,18.22,18.611,1402751.0
2000-11-21,18.648,20.0,18.648,19.964,4962226.0
2000-11-22,19.849,19.964,18.686,18.798,4281550.0
2000-11-24,18.959,19.077,18.798,18.921,1735917.0
2000-11-27,18.959,19.115,18.648,18.882,3590571.0
2000-11-28,18.722,19.19,18.611,19.19,3548521.0
2000-11-29,18.995,20.158,18.921,20.084,7488528.0
2000-11-30,20.037,20.269,19.263,19.533,3685942.0
2000-12-01,19.383,19.459,18.882,19.115,4748276.0
2000-12-04,18.806,19.105,18.576,19.058,3047963.0
2000-12-05,18.949,19.602,18.732,19.602,7398306.0
2000-12-06,19.592,19.803,19.228,19.525,2720436.0
2000-12-07,19.373,19.449,18.576,18.824,3385482.0
2000-12-08,18.824,19.935,18.824,19.747,5996200.0
2000-12-11,19.63,20.112,19.515,19.763,3080505.0
2000-12-12,19.621,20.158,19.592,19.683,1852562.0
2000-12-13,19.783,20.121,18.824,18.882,3202947.0
2000-12-14,19.03,19.03,17.859,18.482,4867978.0
2000-12-15,18.204,18.732,18.204,18.592,4157824.0
2000-12-18,18.949,19.411,18.77,19.31,2409181.0
2000-12-19,19.039,19.683,19.039,19.21,2916985.0
2000-12-20,19.058,19.115,17.95,18.305,3132383.0
2000-12-21,18.389,19.935,18.359,19.719,4525629.0
2000-12-22,19.656,20.074,19.506,19.656,1867864.0
2000-12-26,19.602,19.811,19.515,19.773,1502155.0
2000-12-27,20.148,21.284,20.148,21.061,3852043.0
2000-12-28,21.611,21.667,20.504,20.678,2738481.0
2000-12-29,21.052,21.63,20.706,20.762,2689343.0
2001-01-02,20.586,20.8,20.409,20.714,4072922.0
2001-01-03,20.428,20.428,19.656,20.343,7212389.0
2001-01-04,20.895,21.518,20.428,21.518,6592619.0
2001-01-05,21.385,21.611,20.458,21.611,7009725.0
2001-01-08,21.303,21.657,20.866,21.052,3763594.0
2001-01-09,20.504,20.914,19.737,19.821,6142809.0
2001-01-10,19.811,20.037,19.656,19.783,3823210.0
2001-01-11,19.783,19.811,19.004,19.097,4821098.0
2001-01-12,19.32,19.32,18.658,18.985,4200357.0
2001-01-16,18.985,18.985,18.129,18.463,4753429.0
2001-01-17,18.549,18.576,17.922,18.082,5510311.0
2001-01-18,18.175,18.732,18.139,18.502,5980736.0
2001-01-19,18.511,18.576,17.766,17.896,5873119.0
2001-01-22,17.95,18.139,17.448,17.607,4914214.0
2001-01-23,17.71,18.567,17.645,18.175,3150908.0
2001-01-24,18.324,18.324,17.549,17.7,2764900.0
2001-01-25,17.859,18.453,17.681,18.342,4115773.0
2001-01-26,18.342,18.949,18.342,18.539,3605874.0
2001-01-29,18.695,19.153,18.511,18.863,2821612.0
2001-01-30,18.863,19.115,18.549,18.921,3208585.0
2001-01-31,19.03,19.42,18.79,19.391,4173933.0
2001-02-01,19.877,20.065,19.43,20.037,4162657.0
2001-02-02,19.896,20.084,19.839,19.915,2072304.0
2001-02-05,20.027,20.046,19.31,19.639,2303172.0
2001-02-06,19.783,19.973,19.612,19.803,2989807.0
2001-02-07,19.839,19.896,19.582,19.803,1586894.0
2001-02-08,19.803,19.803,19.411,19.63,1442705.0
2001-02-09,19.346,19.563,18.921,19.2,1483144.0
2001-02-12,19.411,19.728,19.077,19.728,1948897.0
2001-02-13,19.693,20.027,19.553,19.935,1921511.0
2001-02-14,20.027,20.046,19.134,19.2,2448651.0
2001-02-15,19.228,20.027,19.228,19.506,3959986.0
2001-02-16,19.32,19.496,18.806,19.03,2485543.0
2001-02-20,19.32,19.363,18.806,18.815,3248114.0
2001-02-21,18.62,19.32,18.502,18.539,3583105.0
2001-02-22,18.549,18.611,18.139,18.204,4309691.0
2001-02-23,18.211,18.248,17.559,17.738,3971478.0
2001-02-26,17.968,18.315,17.793,17.922,3730464.0
2001-02-27,17.783,17.922,17.467,17.83,3798340.0
2001-02-28,17.977,18.016,17.186,17.281,2607770.0
2001-03-01,17.272,17.281,16.071,16.722,5869415.0
2001-03-02,16.629,17.141,16.489,16.722,4487341.0
2001-03-05,16.722,17.42,16.722,17.115,2643750.0
2001-03-06,17.41,17.728,17.047,17.401,4053107.0
2001-03-07,17.636,17.766,17.382,17.617,2323362.0
2001-03-08,17.374,17.382,16.704,17.133,4370376.0
2001-03-09,17.133,17.168,15.77,15.949,6761405.0
2001-03-12,15.852,15.93,15.417,15.569,3082924.0
2001-03-13,15.325,15.511,14.859,15.408,4697314.0
2001-03-14,15.046,15.55,14.869,15.511,4222693.0
2001-03-15,15.511,16.394,15.501,16.305,3821968.0
2001-03-16,16.305,17.002,16.256,16.619,4709234.0
2001-03-19,16.394,16.526,15.852,16.116,3968472.0
2001-03-20,16.116,16.384,15.798,15.833,2555572.0
2001-03-21,15.882,16.071,15.672,15.701,1606550.0
2001-03-22,15.833,15.9,15.093,15.463,2401337.0
2001-03-23,15.389,15.979,15.241,15.843,2532051.0
2001-03-26,16.164,16.815,15.979,16.722,2547625.0
2001-03-27,16.722,16.907,16.554,16.815,2545150.0
2001-03-28,16.677,16.806,16.256,16.305,1838863.0
2001-03-29,16.443,16.657,16.081,16.136,1654132.0
2001-03-30,16.256,16.581,16.071,16.489,1593662.0
2001-04-02,16.722,16.815,16.276,16.423,1547799.0
2001-04-03,16.285,16.638,15.882,16.145,1653268.0
2001-04-04,15.998,16.489,15.89,16.471,2020914.0
2001-04-05,16.722,17.186,16.677,17.141,2153773.0
2001-04-06,16.85,16.907,16.276,16.375,2583924.0
2001-04-09,16.677,16.907,16.246,16.413,1945837.0
2001-04-10,16.394,17.186,16.266,17.141,2075154.0
2001-04-11,16.983,17.195,16.722,16.824,2038742.0
2001-04-12,16.824,17.002,16.413,16.992,1025921.0
2001-04-16,17.085,17.159,16.629,16.833,1530399.0
2001-04-17,16.677,16.946,16.285,16.341,3214492.0
2001-04-18,16.571,17.115,16.063,16.927,5031664.0
2001-04-19,16.704,18.22,16.536,17.746,5001375.0
2001-04-20,17.467,17.69,16.824,16.879,3741418.0
2001-04-23,17.374,17.374,16.824,17.037,2390707.0
2001-04-24,17.047,17.066,16.788,16.983,2764578.0
2001-04-25,16.769,17.037,16.677,16.815,1318064.0
2001-04-26,16.751,17.186,16.722,17.019,1840581.0
2001-04-27,17.141,17.205,16.907,17.115,1352000.0
2001-04-30,17.115,17.495,16.788,16.917,3131256.0
2001-05-01,16.824,16.917,16.722,16.833,2738050.0
2001-05-02,16.769,17.176,16.731,17.124,2265904.0
2001-05-03,17.124,17.41,16.917,17.281,1850679.0
2001-05-04,16.936,17.186,16.788,17.141,1927686.0
2001-05-07,16.907,17.186,16.888,17.186,1983965.0
2001-05-08,17.186,17.347,16.965,17.168,1922210.0
2001-05-09,17.234,17.327,17.037,17.141,2113602.0
2001-05-10,17.141,17.244,17.037,17.076,3341446.0
2001-05-11,17.095,17.186,16.722,16.722,2422603.0
2001-05-14,16.956,17.002,16.741,16.759,2085355.0
2001-05-15,16.731,16.815,16.629,16.722,2192759.0
2001-05-16,16.498,16.888,16.498,16.788,2164406.0
2001-05-17,16.769,16.936,16.536,16.536,3918419.0
2001-05-18,16.536,17.43,16.507,17.281,3652059.0
2001-05-21,17.095,17.627,16.983,17.477,3139525.0
2001-05-22,17.511,17.69,17.318,17.539,2394142.0
2001-05-23,17.811,17.886,17.655,17.756,3093557.0
2001-05-24,17.655,17.783,17.617,17.71,2322503.0
2001-05-25,17.655,17.977,17.477,17.869,1407742.0
2001-05-29,17.869,18.369,17.793,18.147,2256986.0
2001-05-30,18.257,18.369,17.896,18.016,1853790.0
2001-05-31,18.342,18.601,18.194,18.576,2921389.0
2001-06-01,18.139,18.147,17.728,17.904,3721873.0
2001-06-04,17.84,17.879,17.43,17.495,2357841.0
2001-06-05,17.495,17.645,17.318,17.42,2524426.0
2001-06-06,17.42,17.467,17.318,17.365,1899014.0
2001-06-07,17.299,17.356,17.124,17.318,2659321.0
2001-06-08,17.281,17.327,17.141,17.234,2299735.0
2001-06-11,17.186,17.186,16.731,16.731,2595847.0
2001-06-12,16.722,16.722,16.126,16.246,4819862.0
2001-06-13,16.238,16.368,16.116,16.256,4275002.0
2001-06-14,16.246,16.321,15.882,15.969,6181207.0
2001-06-15,15.817,16.063,15.701,15.788,3231895.0
2001-06-18,16.025,16.154,15.788,16.044,2396824.0
2001-06-19,15.825,16.044,15.746,15.808,3027290.0
2001-06-20,15.778,15.882,15.437,15.607,4146650.0
2001-06-21,15.607,16.295,15.371,16.229,2152808.0
2001-06-22,16.044,16.471,15.798,16.246,2150334.0
2001-06-25,16.154,16.256,15.882,15.91,1152016.0
2001-06-26,15.91,16.164,15.701,15.798,2091049.0
2001-06-27,15.882,16.276,15.817,16.09,1601718.0
2001-06-28,16.005,16.722,16.005,16.677,2548803.0
2001-06-29,16.48,17.176,16.256,17.176,3550348.0
2001-07-02,17.234,17.7,17.047,17.308,3653671.0
2001-07-03,17.205,17.665,17.186,17.539,1345666.0
2001-07-05,17.539,17.645,17.41,17.457,1495602.0
2001-07-06,17.597,17.597,16.806,17.019,1767010.0
2001-07-09,17.019,17.374,16.907,17.374,2151518.0
2001-07-10,17.281,17.41,17.115,17.186,1346846.0
2001-07-11,17.186,17.728,17.141,17.7,2532479.0
2001-07-12,17.886,18.482,17.655,18.407,2525604.0
2001-07-13,18.407,18.492,18.072,18.129,1855187.0
2001-07-16,18.129,18.502,18.006,18.211,2237976.0
2001-07-17,18.211,18.453,17.977,18.379,1471650.0
2001-07-18,18.511,18.519,17.922,18.119,2402733.0
2001-07-19,18.342,18.584,18.139,18.35,2407564.0
2001-07-20,18.257,18.35,17.968,18.035,1272200.0
2001-07-23,18.035,18.119,17.746,17.849,1088111.0
2001-07-24,17.773,18.072,17.43,17.597,1261566.0
2001-07-25,17.365,17.986,17.365,17.986,2303277.0
2001-07-26,17.756,18.389,17.7,18.305,1563694.0
2001-07-27,18.257,18.257,17.859,18.072,1528789.0
2001-07-30,18.016,18.139,17.773,17.896,1204429.0
2001-07-31,17.977,18.78,17.913,18.592,3245641.0
2001-08-01,18.492,18.798,18.369,18.473,2208545.0
2001-08-02,18.473,18.473,18.091,18.22,1261244.0
2001-08-03,18.119,18.23,17.977,18.11,1092407.0
2001-08-06,18.119,18.257,17.977,18.072,1193475.0
2001-08-07,18.082,18.185,17.84,18.025,846129.0
2001-08-08,17.904,18.185,17.773,17.896,969430.0
2001-08-09,17.681,17.793,17.186,17.186,2419276.0
2001-08-10,17.234,17.502,16.956,17.281,2106947.0
2001-08-13,17.186,17.272,16.824,16.87,2223047.0
2001-08-14,17.002,17.205,16.824,16.907,1821895.0
2001-08-15,16.907,16.927,16.375,16.375,1460370.0
2001-08-16,16.341,16.741,16.305,16.581,1955072.0
2001-08-17,16.563,16.563,16.276,16.375,1011100.0
2001-08-20,16.815,17.224,16.563,17.186,1864320.0
2001-08-21,17.382,17.401,16.554,16.722,1497533.0
2001-08-22,16.629,16.86,16.498,16.629,1940792.0
2001-08-23,16.677,16.879,16.581,16.667,1140414.0
2001-08-24,16.629,17.356,16.571,17.281,1170270.0
2001-08-27,17.095,17.224,16.956,16.974,1112601.0
2001-08-28,16.741,17.019,16.443,16.907,1465315.0
2001-08-29,16.769,16.824,16.498,16.571,1034410.0
2001-08-30,16.453,16.85,16.276,16.507,2013831.0
2001-08-31,16.404,16.87,16.375,16.629,1316665.0
2001-09-04,16.629,17.486,16.507,16.965,2176541.0
2001-09-05,16.779,16.788,16.341,16.526,3144363.0
2001-09-06,16.453,16.769,16.256,16.498,2422068.0
2001-09-07,16.295,16.591,15.736,15.746,2646647.0
2001-09-10,15.56,15.988,15.362,15.91,2480066.0
2001-09-17,10.456,13.005,10.456,12.085,33271498.0
2001-09-18,12.961,13.344,11.993,12.076,24899467.0
2001-09-19,12.551,12.86,11.807,11.926,12431582.0
2001-09-20,12.178,12.272,11.666,11.926,11804344.0
2001-09-21,11.638,12.935,11.436,12.634,11283646.0
2001-09-24,13.539,13.928,12.728,12.774,11584594.0
2001-09-25,13.024,13.38,12.997,13.06,5975741.0
2001-09-26,13.213,13.258,12.916,13.098,5433567.0
2001-09-27,13.193,13.203,12.744,12.997,4458016.0
2001-09-28,13.098,13.928,13.089,13.787,5415097.0
2001-10-01,13.844,13.994,13.491,13.605,3866973.0
2001-10-02,13.891,14.495,13.863,14.235,5899162.0
2001-10-03,14.235,14.859,14.235,14.677,6347251.0
2001-10-04,15.335,15.379,14.638,14.686,7186617.0
2001-10-05,14.72,14.914,14.032,14.383,4131724.0
2001-10-08,14.356,14.401,13.948,13.948,2443765.0
2001-10-09,14.219,14.272,13.938,14.05,2853403.0
2001-10-10,14.136,14.896,14.012,14.85,3380541.0
2001-10-11,15.232,15.427,14.777,14.961,4742747.0
2001-10-12,14.914,14.914,14.04,14.338,4046445.0
2001-10-15,14.356,14.524,14.05,14.245,2176648.0
2001-10-16,14.383,14.542,14.227,14.347,1660895.0
2001-10-17,14.677,14.677,14.05,14.107,3608130.0
2001-10-18,14.032,14.311,13.854,14.032,5291258.0
2001-10-19,14.098,14.126,13.824,13.967,3019125.0
2001-10-22,14.146,14.767,14.022,14.638,2905064.0
2001-10-23,14.869,15.093,14.728,14.786,4333643.0
2001-10-24,14.859,15.103,14.703,14.887,2661469.0
2001-10-25,14.904,15.325,14.667,15.288,3661400.0
2001-10-26,15.196,15.215,14.777,14.859,3427798.0
2001-10-29,14.728,14.924,14.648,14.869,2460090.0
2001-10-30,14.728,14.841,14.401,14.657,3467646.0
2001-10-31,14.686,14.924,14.6,14.777,2199201.0
2001-11-01,14.777,15.278,14.638,15.177,2600569.0
2001-11-02,15.103,15.325,14.99,15.16,2517874.0
2001-11-05,15.335,15.882,15.288,15.825,3098718.0
2001-11-06,15.798,16.22,15.463,16.005,3333929.0
2001-11-07,15.89,16.498,15.843,16.453,3479354.0
2001-11-08,16.276,16.601,16.035,16.375,3837115.0
2001-11-09,16.305,16.443,15.755,15.9,2227879.0
2001-11-12,15.417,15.71,14.449,15.55,6856350.0
2001-11-13,15.988,16.368,15.798,16.256,5025861.0
2001-11-14,16.375,16.714,16.285,16.714,2279330.0
2001-11-15,16.619,17.521,16.61,17.195,5470730.0
2001-11-16,17.617,17.617,16.917,17.028,5701542.0
2001-11-19,17.244,17.43,17.066,17.42,3514581.0
2001-11-20,17.195,17.289,16.797,16.898,3105907.0
2001-11-21,16.917,17.337,16.453,17.281,2614751.0
2001-11-23,17.281,17.43,17.205,17.337,1125598.0
2001-11-26,17.337,17.42,16.965,17.356,2434096.0
2001-11-27,17.41,17.627,17.115,17.439,3391065.0
2001-11-28,17.347,17.374,17.085,17.186,1927579.0
2001-11-29,17.095,17.281,17.002,17.281,2705507.0
2001-11-30,17.281,17.588,17.224,17.43,3239733.0
2001-12-03,17.382,17.382,17.085,17.195,2427975.0
2001-12-04,17.205,17.549,17.205,17.511,3186570.0
2001-12-05,17.569,18.147,17.467,18.035,4155460.0
2001-12-06,18.082,18.407,17.783,17.977,2404026.0
2001-12-07,17.746,18.379,17.746,18.156,2739555.0
2001-12-10,18.35,18.592,17.84,17.896,3433169.0
2001-12-11,17.719,17.94,17.186,17.645,2836649.0
2001-12-12,17.673,18.156,17.673,18.129,2061189.0
2001-12-13,18.035,18.044,17.588,17.636,1848637.0
2001-12-14,17.597,17.84,17.569,17.802,2019407.0
2001-12-17,17.766,17.93,17.234,17.511,2295436.0
2001-12-18,17.569,17.793,17.215,17.793,2382436.0
2001-12-19,17.793,17.869,17.569,17.738,2072358.0
2001-12-20,17.617,17.746,16.917,17.095,3190006.0
2001-12-21,17.448,17.783,17.195,17.502,4135589.0
2001-12-24,17.337,17.53,16.907,17.337,1220325.0
2001-12-26,17.365,17.569,17.224,17.264,1215062.0
2001-12-27,17.215,17.607,17.124,17.467,2107157.0
2001-12-28,17.467,17.539,17.215,17.43,2007921.0
2001-12-31,17.337,17.636,17.176,17.176,1896219.0
2002-01-02,16.965,17.308,16.888,16.965,2555784.0
2002-01-03,17.244,17.636,16.965,17.578,4705475.0
2002-01-04,17.521,17.84,17.308,17.766,3339298.0
2002-01-07,17.84,17.886,17.636,17.849,2363319.0
2002-01-08,17.477,17.84,17.392,17.521,2157748.0
2002-01-09,17.549,17.655,17.011,17.047,1870872.0
2002-01-10,17.105,17.374,16.731,16.741,3215996.0
2002-01-11,16.974,17.105,16.313,16.526,2554387.0
2002-01-14,16.368,16.686,16.266,16.413,3284415.0
2002-01-15,16.731,16.898,16.545,16.797,3379250.0
2002-01-16,16.696,16.759,16.375,16.413,2430552.0
2002-01-17,16.731,16.731,15.959,16.638,3668168.0
2002-01-18,16.359,16.686,16.359,16.581,2659108.0
2002-01-22,16.313,16.443,16.044,16.106,2907644.0
2002-01-23,16.106,16.965,15.998,16.722,3156284.0
2002-01-24,16.759,17.244,16.741,17.037,2805500.0
2002-01-25,16.983,17.047,16.824,17.002,1270909.0
2002-01-28,16.824,17.105,16.704,17.011,1876671.0
2002-01-29,17.281,17.521,16.85,16.946,2345059.0
2002-01-30,17.195,17.477,16.917,17.318,2779402.0
2002-01-31,17.41,17.607,17.244,17.607,2122196.0
2002-02-01,17.289,17.738,17.215,17.448,5237452.0
2002-02-04,17.272,17.392,16.983,17.264,2268052.0
2002-02-05,17.149,17.627,17.057,17.578,2287703.0
2002-02-06,17.521,17.597,17.195,17.215,1650266.0
2002-02-07,17.159,17.607,17.159,17.502,1753049.0
2002-02-08,17.597,17.645,17.42,17.607,1437386.0
2002-02-11,17.53,18.156,17.495,18.035,3316421.0
2002-02-12,17.71,17.886,17.569,17.738,2004907.0
2002-02-13,17.793,17.922,17.681,17.773,1279286.0
2002-02-14,17.849,18.592,17.83,18.592,4227635.0
2002-02-15,18.453,18.77,18.324,18.638,5676083.0
2002-02-19,18.592,18.939,18.549,18.853,2424323.0
2002-02-20,19.087,19.869,19.039,19.674,5422287.0
2002-02-21,19.992,20.399,19.602,19.773,5784672.0
2002-02-22,19.693,19.703,18.959,19.134,2930623.0
2002-02-25,19.21,19.803,19.134,19.34,3508780.0
2002-02-26,19.383,19.973,19.34,19.859,2348174.0
2002-02-27,19.992,20.458,19.896,20.448,2720759.0
2002-02-28,20.36,20.438,19.553,19.63,3073904.0
2002-03-01,19.573,19.905,19.21,19.34,4686574.0
2002-03-04,19.478,19.747,19.077,19.487,5115975.0
2002-03-05,18.968,19.049,18.686,18.843,4656713.0
2002-03-06,18.611,19.383,18.601,19.235,2407784.0
2002-03-07,19.097,19.17,18.175,18.295,4712352.0
2002-03-08,18.539,18.678,18.407,18.502,2238516.0
2002-03-11,18.558,19.115,18.22,19.012,3369369.0
2002-03-12,18.824,18.949,18.584,18.686,2189431.0
2002-03-13,18.638,18.678,18.379,18.549,2663514.0
2002-03-14,18.453,18.549,18.23,18.407,2061402.0
2002-03-15,18.592,18.815,18.389,18.576,2636446.0
2002-03-18,18.592,18.901,18.389,18.463,2163117.0
2002-03-19,18.549,18.592,17.665,17.719,3435101.0
2002-03-20,16.974,17.617,16.974,17.105,4338048.0
2002-03-21,17.43,17.869,17.347,17.71,2441722.0
2002-03-22,17.802,18.062,17.477,17.996,2219613.0
2002-03-25,18.1,18.1,16.983,17.019,2909255.0
2002-03-26,17.337,18.129,17.299,18.11,3365182.0
2002-03-27,18.035,18.238,17.71,17.849,2836861.0
2002-03-28,17.802,18.035,17.802,17.986,1474549.0
2002-04-01,17.521,17.728,17.401,17.486,1932950.0
2002-04-02,17.356,17.365,16.927,17.037,3314808.0
2002-04-03,17.205,17.382,17.047,17.149,1612349.0
2002-04-04,17.095,17.665,17.076,17.607,1709657.0
2002-04-05,17.607,17.82,17.205,17.215,2478240.0
2002-04-08,17.019,17.176,16.797,16.983,3087221.0
2002-04-09,17.095,17.205,16.907,17.186,2176648.0
2002-04-10,17.195,17.627,17.195,17.392,2928049.0
2002-04-11,17.521,17.539,16.983,17.057,2047656.0
2002-04-12,17.289,17.986,17.289,17.904,3903490.0
2002-04-15,17.849,17.886,17.019,17.205,3035130.0
2002-04-16,17.486,17.636,17.299,17.597,2240018.0
2002-04-17,17.597,17.7,17.43,17.665,1272309.0
2002-04-18,17.569,17.71,16.779,17.254,3989411.0
2002-04-19,17.254,17.597,17.254,17.597,2253118.0
2002-04-22,17.636,17.636,16.965,16.974,2559867.0
2002-04-23,16.927,16.936,16.61,16.806,5757392.0
2002-04-24,16.927,17.299,16.86,16.983,2359667.0
2002-04-25,16.936,17.159,16.571,17.105,3772675.0
2002-04-26,17.115,17.299,17.019,17.224,2776073.0
2002-04-29,17.159,17.289,16.879,16.946,2226266.0
2002-04-30,16.907,17.085,16.797,16.936,2185456.0
2002-05-01,16.87,17.374,16.704,17.308,3557539.0
2002-05-02,17.205,17.318,17.037,17.318,1973224.0
2002-05-03,17.215,17.281,16.48,16.489,3808976.0
2002-05-06,16.581,16.956,16.563,16.731,1931448.0
2002-05-07,16.731,16.833,16.563,16.591,2506595.0
2002-05-08,16.696,17.011,16.571,17.002,2790567.0
2002-05-09,16.927,16.936,16.384,16.443,2389631.0
2002-05-10,16.35,16.413,15.343,15.626,4671537.0
2002-05-13,16.025,16.256,15.872,15.979,2494028.0
2002-05-14,16.507,16.507,16.09,16.359,2269337.0
2002-05-15,16.321,16.722,16.182,16.657,2363855.0
2002-05-16,16.629,16.731,16.229,16.276,1537380.0
2002-05-17,16.192,16.526,16.116,16.394,1568742.0
2002-05-20,16.106,16.116,15.617,15.959,2388343.0
2002-05-21,15.979,16.097,15.362,15.389,2866505.0
2002-05-22,15.482,15.77,15.288,15.511,2762109.0
2002-05-23,15.511,15.91,15.398,15.825,2736975.0
2002-05-24,16.081,16.081,15.482,15.569,2874238.0
2002-05-28,15.763,15.979,15.672,15.817,1838220.0
2002-05-29,15.852,16.246,15.852,16.063,2310904.0
2002-05-30,15.969,16.063,15.53,15.569,2442473.0
2002-05-31,15.482,16.015,15.473,15.833,2951889.0
2002-06-03,15.9,15.9,15.296,15.296,2321860.0
2002-06-04,15.296,15.427,14.619,14.877,3482791.0
2002-06-05,14.924,15.597,14.786,15.54,2551058.0
2002-06-06,15.54,15.727,15.278,15.53,2497465.0
2002-06-07,15.55,15.808,15.352,15.77,2236797.0
2002-06-10,15.55,16.044,15.501,16.005,2042823.0
2002-06-11,16.081,16.256,15.736,15.852,2041750.0
2002-06-12,15.701,15.843,15.521,15.736,2042393.0
2002-06-13,15.578,15.9,15.398,15.511,2083315.0
2002-06-14,15.177,15.296,14.486,14.533,3911336.0
2002-06-17,14.738,15.205,14.695,14.822,2713563.0
2002-06-18,14.877,14.877,14.58,14.6,3474837.0
2002-06-19,14.411,14.505,14.088,14.088,5969622.0
2002-06-20,14.136,14.869,14.136,14.815,2900663.0
2002-06-21,14.18,15.16,14.18,15.113,3687072.0
2002-06-24,15.113,15.15,14.6,14.805,2272240.0
2002-06-25,14.805,14.941,14.19,14.209,2322181.0
2002-06-26,14.18,14.264,13.806,14.032,3596102.0
2002-06-27,14.6,14.648,14.04,14.533,2947596.0
2002-06-28,14.338,15.028,14.338,15.028,4223554.0
2002-07-01,14.934,14.951,14.338,14.347,1902122.0
2002-07-02,14.245,14.533,13.425,13.586,3564090.0
2002-07-03,13.482,13.901,13.213,13.539,2526895.0
2002-07-05,13.806,14.04,13.733,13.948,1776462.0
2002-07-08,13.957,14.227,13.863,13.881,2969724.0
2002-07-09,13.967,14.264,13.659,13.724,2582312.0
2002-07-10,13.724,13.863,13.118,13.127,2918921.0
2002-07-11,12.889,12.899,12.374,12.605,5414020.0
2002-07-12,12.654,12.987,12.338,12.841,3563665.0
2002-07-15,12.7,12.822,12.141,12.682,3561192.0
2002-07-16,12.71,13.213,12.664,12.793,3538747.0
2002-07-17,13.024,13.567,12.587,12.961,4327627.0
2002-07-18,12.935,13.005,12.234,12.356,4869375.0
2002-07-19,12.141,12.244,11.598,11.817,6030737.0
2002-07-22,11.771,11.817,10.745,10.857,5213607.0
2002-07-23,11.208,11.313,10.708,10.838,5413271.0
2002-07-24,10.649,11.399,10.142,10.988,8213397.0
2002-07-25,11.218,11.303,10.792,11.218,7716119.0
2002-07-26,11.303,11.834,11.275,11.285,4742639.0
2002-07-29,12.02,12.31,11.797,12.104,4106267.0
2002-07-30,12.253,12.841,12.112,12.485,3498794.0
2002-07-31,12.7,12.935,12.346,12.85,3875886.0
2002-08-01,12.682,12.841,12.318,12.466,2928261.0
2002-08-02,12.466,12.634,11.771,11.954,3371841.0
2002-08-05,11.723,11.954,11.48,11.628,4467685.0
2002-08-06,11.628,12.197,11.246,11.256,5107168.0
2002-08-07,11.303,11.535,11.133,11.48,3343916.0
2002-08-08,11.48,12.328,11.381,12.282,3587723.0
2002-08-09,12.112,12.56,11.963,12.338,2026928.0
2002-08-12,12.049,12.094,11.751,11.834,2244853.0
2002-08-13,11.843,12.302,11.666,11.723,3299453.0
2002-08-14,11.694,11.694,10.336,10.913,13408954.0
2002-08-15,11.161,11.694,10.689,11.106,6756033.0
2002-08-16,11.58,12.104,11.266,11.954,4263401.0
2002-08-19,11.656,12.234,11.647,12.234,3832925.0
2002-08-20,12.328,12.605,11.935,12.512,3465495.0
2002-08-21,12.754,13.806,12.744,13.806,7927165.0
2002-08-22,13.76,14.227,13.297,14.163,6541764.0
2002-08-23,14.04,14.078,13.576,13.649,2866827.0
2002-08-26,13.623,13.901,13.406,13.834,2330236.0
2002-08-27,13.844,14.002,13.464,13.549,2365682.0
2002-08-28,13.5,13.5,13.014,13.334,3911653.0
2002-08-29,13.07,13.715,12.889,13.5,3085178.0
2002-08-30,13.239,13.549,13.127,13.221,2379427.0
2002-09-03,12.997,13.183,12.793,12.97,3369369.0
2002-09-04,12.644,13.306,12.512,13.297,4971947.0
2002-09-05,13.033,13.07,12.7,12.997,3293761.0
2002-09-06,13.07,13.203,12.935,13.098,2092447.0
2002-09-09,13.005,13.371,12.754,13.325,1601500.0
2002-09-10,13.229,13.464,12.997,13.277,1782049.0
2002-09-11,13.482,13.491,13.203,13.258,1470252.0
2002-09-12,12.889,13.07,12.793,12.841,1730386.0
2002-09-13,12.56,12.899,12.178,12.889,3215783.0
2002-09-17,13.306,13.371,12.85,13.258,4872809.0
2002-09-18,13.024,13.06,12.654,12.822,3140922.0
2002-09-19,12.605,12.97,12.551,12.793,2648368.0
2002-09-20,12.803,12.961,12.475,12.879,3226951.0
2002-09-23,12.784,12.784,12.226,12.568,3007636.0
2002-09-24,12.234,12.401,11.562,11.628,3329525.0
2002-09-25,11.674,12.429,11.666,12.346,3324366.0
2002-09-26,12.282,12.916,12.226,12.889,2248500.0
2002-09-27,12.793,12.97,11.771,11.843,3202572.0
2002-09-30,11.647,12.151,11.436,12.151,2564591.0
2002-10-01,12.178,12.532,11.983,12.492,3186784.0
2002-10-02,12.466,12.541,11.57,11.57,3608343.0
2002-10-03,11.589,12.094,11.589,11.666,2800776.0
2002-10-04,12.002,12.002,11.266,11.608,2244205.0
2002-10-07,11.608,11.907,11.152,11.295,2584138.0
2002-10-08,11.295,11.48,11.069,11.372,2233679.0
2002-10-09,11.285,11.372,10.708,10.792,3124703.0
2002-10-10,10.838,11.618,10.446,11.58,3275392.0
2002-10-11,11.853,12.282,11.741,12.094,2914298.0
2002-10-14,11.88,12.282,11.78,11.916,1762607.0
2002-10-15,12.282,12.793,12.112,12.744,3879863.0
2002-10-16,12.605,12.736,12.094,12.374,4128180.0
2002-10-17,12.841,13.509,12.793,13.474,3864612.0
2002-10-18,13.024,13.079,12.744,12.978,4597644.0
2002-10-21,13.024,13.586,12.889,13.491,5088156.0
2002-10-22,13.306,13.985,13.221,13.769,4060086.0
2002-10-23,13.705,13.957,13.686,13.92,2964136.0
2002-10-24,13.957,14.449,13.75,13.824,5426801.0
2002-10-25,13.948,14.571,13.873,14.562,3672037.0
2002-10-28,14.638,14.748,14.302,14.331,3278508.0
2002-10-29,14.264,14.401,13.586,13.695,2614217.0
2002-10-30,13.787,13.948,13.519,13.715,2875417.0
2002-10-31,13.938,14.078,13.491,13.586,2199419.0
2002-11-01,13.07,13.928,13.052,13.76,3583318.0
2002-11-04,13.985,14.255,13.75,13.834,4146545.0
2002-11-05,13.957,14.146,13.769,14.146,2261929.0
2002-11-06,14.098,14.796,13.863,14.796,3440255.0
2002-11-07,14.657,14.738,14.19,14.235,3493850.0
2002-11-08,14.331,14.374,13.854,13.985,1991701.0
2002-11-11,13.994,14.302,13.741,13.816,1828767.0
2002-11-12,13.806,14.068,13.76,13.873,1564552.0
2002-11-13,13.797,14.227,13.539,13.824,2330236.0
2002-11-14,13.957,14.19,13.881,14.19,1697197.0
2002-11-15,13.967,14.18,13.797,14.117,2268483.0
2002-11-18,14.19,14.477,14.18,14.468,2161723.0
2002-11-19,14.331,14.338,13.91,13.985,2434315.0
2002-11-20,13.957,14.163,13.816,13.957,1786022.0
2002-11-21,14.05,14.786,14.05,14.728,2373738.0
2002-11-22,14.738,14.887,14.542,14.542,3439503.0
2002-11-25,14.796,15.028,14.657,14.841,2405207.0
2002-11-26,14.703,14.914,14.562,14.703,1930799.0
2002-11-27,14.712,15.306,14.712,15.306,1961308.0
2002-11-29,15.315,15.54,15.083,15.54,1639304.0
2002-12-02,15.352,15.473,15.018,15.122,2030580.0
2002-12-03,14.961,15.046,14.748,14.815,2589189.0
2002-12-04,14.822,14.904,14.515,14.515,4146650.0
2002-12-05,14.264,15.083,14.19,15.028,3684385.0
2002-12-06,14.796,15.343,14.61,15.142,2473835.0
2002-12-09,15.073,15.25,14.815,14.887,2268483.0
2002-12-10,14.859,15.093,14.796,15.073,1406777.0
2002-12-11,14.841,15.008,14.695,15.008,1966994.0
2002-12-12,14.887,15.083,14.748,14.786,1230746.0
2002-12-13,14.657,14.657,14.05,14.088,3336826.0
2002-12-16,13.985,14.19,13.967,14.126,3238442.0
2002-12-17,14.05,14.235,13.957,14.002,1572502.0
2002-12-18,13.985,14.058,13.586,13.649,2529580.0
2002-12-19,13.614,13.938,13.118,13.287,2549985.0
2002-12-20,13.306,13.891,13.277,13.558,2988948.0
2002-12-23,13.306,13.491,13.229,13.325,2124771.0
2002-12-24,13.127,13.364,13.127,13.221,860520.0
2002-12-26,13.315,13.715,13.136,13.213,1338574.0
2002-12-27,13.221,13.239,12.952,13.014,1297547.0
2002-12-30,12.925,13.024,12.682,12.841,2216924.0
2002-12-31,12.841,12.987,12.7,12.935,2852651.0
2003-01-02,13.118,13.239,12.869,13.213,2236902.0
2003-01-03,13.213,13.415,13.136,13.354,1541248.0
2003-01-06,13.193,13.549,13.154,13.519,1972797.0
2003-01-07,13.277,13.444,13.221,13.38,1712343.0
2003-01-08,13.325,13.415,13.024,13.098,1604832.0
2003-01-09,13.079,13.435,13.079,13.325,1513319.0
2003-01-10,13.325,13.425,13.136,13.334,1717391.0
2003-01-13,13.297,13.491,13.193,13.306,1219144.0
2003-01-14,13.213,13.396,13.089,13.354,1551128.0
2003-01-15,13.396,13.444,12.899,12.978,1937460.0
2003-01-16,13.024,13.213,12.869,12.869,1996530.0
2003-01-17,12.813,12.86,12.447,12.587,1568850.0
2003-01-21,12.634,12.719,11.88,11.935,3580744.0
2003-01-22,12.03,12.234,11.408,11.454,4557796.0
2003-01-23,12.141,12.541,12.002,12.512,3982648.0
2003-01-24,12.365,12.447,11.861,12.112,2909142.0
2003-01-27,11.861,12.282,11.751,11.926,2932987.0
2003-01-28,12.059,12.282,11.963,12.282,2030473.0
2003-01-29,12.094,12.56,12.039,12.551,3068746.0
2003-01-30,12.56,12.56,12.104,12.188,2155815.0
2003-01-31,12.188,12.226,11.954,12.141,2149795.0
2003-02-03,12.141,12.141,11.589,11.788,4259858.0
2003-02-04,11.741,12.011,11.552,11.935,3566028.0
2003-02-05,11.935,12.282,11.871,12.132,2599606.0
2003-02-06,12.039,12.151,11.871,12.039,2005877.0
2003-02-07,12.094,12.188,11.704,11.751,1976876.0
2003-02-10,11.694,11.944,11.608,11.944,1545867.0
2003-02-11,12.039,12.151,11.807,11.944,2368798.0
2003-02-12,11.817,11.954,11.427,11.825,1574969.0
2003-02-13,11.656,11.732,11.218,11.526,2665981.0
2003-02-14,11.516,11.817,11.363,11.732,1926288.0
2003-02-18,11.732,11.897,11.628,11.897,1803636.0
2003-02-19,11.807,11.843,11.562,11.618,2390488.0
2003-02-20,11.58,11.618,11.323,11.408,1569494.0
2003-02-21,11.454,11.535,11.256,11.48,1758845.0
2003-02-24,11.446,11.446,11.161,11.208,1997924.0
2003-02-25,11.169,11.436,10.913,11.408,3232537.0
2003-02-26,11.418,11.48,11.143,11.48,2129391.0
2003-02-27,11.506,11.562,11.169,11.218,1966353.0
2003-02-28,11.266,11.389,11.178,11.237,1513319.0
2003-03-03,11.323,11.732,11.323,11.694,2591980.0
2003-03-04,11.589,11.713,11.399,11.48,2618400.0
2003-03-05,11.454,11.732,11.399,11.544,1961732.0
2003-03-06,11.544,11.704,11.427,11.618,1989016.0
2003-03-07,11.618,12.624,11.516,12.577,5237018.0
2003-03-10,12.485,12.485,12.039,12.112,4036888.0
2003-03-11,12.02,12.085,11.552,11.647,2529362.0
2003-03-12,11.638,12.002,11.589,12.002,2740948.0
2003-03-13,12.384,12.56,12.151,12.56,2462452.0
2003-03-14,12.551,12.85,12.429,12.457,3347032.0
2003-03-17,12.365,12.916,12.16,12.71,3517375.0
2003-03-18,12.803,13.221,12.803,13.203,3830887.0
2003-03-19,13.203,13.344,12.85,13.287,3999189.0
2003-03-20,13.287,13.364,12.908,13.258,2657709.0
2003-03-21,13.491,14.272,13.364,14.227,4630938.0
2003-03-24,13.64,13.64,13.268,13.396,2975412.0
2003-03-25,13.315,14.155,13.315,14.078,4417206.0
2003-03-26,13.967,14.107,13.519,13.605,2087611.0
2003-03-27,13.605,13.724,13.239,13.344,2829023.0
2003-03-28,13.344,13.406,13.118,13.315,1790316.0
2003-03-31,13.079,13.614,12.822,13.371,2473404.0
2003-04-01,13.38,13.567,13.118,13.203,2125420.0
2003-04-02,13.268,14.022,13.268,13.985,2813337.0
2003-04-03,13.967,13.967,13.519,13.669,2559008.0
2003-04-04,13.695,14.032,13.695,13.901,1665624.0
2003-04-07,14.245,14.459,14.058,14.107,3496213.0
2003-04-08,14.117,14.146,13.769,13.797,1750684.0
2003-04-09,13.873,14.146,13.733,13.787,1748750.0
2003-04-10,13.695,13.787,13.406,13.539,2970684.0
2003-04-11,13.631,13.873,13.509,13.686,1492166.0
2003-04-14,13.686,13.938,13.623,13.901,1412687.0
2003-04-15,13.957,14.401,13.824,14.331,2641816.0
2003-04-16,14.365,14.495,14.05,14.199,2408857.0
2003-04-21,14.439,14.951,14.05,14.117,2535270.0
2003-04-22,14.117,14.6,13.891,14.59,2343339.0
2003-04-23,14.209,14.449,14.146,14.338,2972944.0
2003-04-24,14.383,14.392,14.117,14.255,3005485.0
2003-04-25,14.227,14.338,14.058,14.068,2615393.0
2003-04-28,14.199,14.712,14.18,14.619,2338938.0
2003-04-29,14.524,14.85,14.429,14.695,2796584.0
2003-04-30,14.796,14.999,14.72,14.859,3849789.0
2003-05-01,14.815,14.934,14.571,14.85,2174393.0
2003-05-02,14.869,15.681,14.869,15.597,5126393.0
2003-05-05,15.643,15.736,15.306,15.379,3222012.0
2003-05-06,15.362,15.54,15.132,15.241,3019342.0
2003-05-07,15.241,15.268,14.859,14.859,2723551.0
2003-05-08,14.703,15.142,14.619,14.841,2503266.0
2003-05-09,14.831,14.904,14.638,14.869,1513756.0
2003-05-12,14.815,15.122,14.728,15.038,1547262.0
2003-05-13,15.038,15.038,14.796,14.831,2198343.0
2003-05-14,14.887,14.941,14.6,14.695,2058935.0
2003-05-15,14.703,14.805,14.58,14.677,2211451.0
2003-05-16,14.677,14.941,14.571,14.941,2007596.0
2003-05-19,14.712,14.748,14.321,14.411,2133150.0
2003-05-20,14.365,14.449,14.098,14.292,2257097.0
2003-05-21,14.078,14.245,13.928,13.967,3155317.0
2003-05-22,13.994,14.199,13.967,14.146,2897757.0
2003-05-23,14.19,14.383,14.058,14.338,1311621.0
2003-05-27,14.245,14.99,14.235,14.99,3536706.0
2003-05-28,14.815,14.961,14.703,14.796,2368151.0
2003-05-29,14.796,14.99,14.712,14.767,2144753.0
2003-05-30,14.757,15.113,14.728,14.961,2733967.0
2003-06-02,14.951,15.223,14.941,15.054,2474910.0
2003-06-03,14.98,15.064,14.904,14.97,2123375.0
2003-06-04,14.914,15.25,14.914,15.223,2942656.0
2003-06-05,14.99,15.132,14.97,15.083,2548803.0
2003-06-06,15.315,15.463,15.232,15.389,3934207.0
2003-06-09,15.268,15.463,15.232,15.371,2920960.0
2003-06-10,15.268,15.53,15.268,15.371,2038415.0
2003-06-11,15.371,15.778,15.278,15.746,2314663.0
2003-06-12,15.701,15.825,15.607,15.817,3292040.0
2003-06-13,15.852,16.035,15.746,15.843,2764472.0
2003-06-16,15.92,16.145,15.91,16.145,2448704.0
2003-06-17,16.063,16.126,15.91,15.969,2855119.0
2003-06-18,15.92,16.044,15.843,15.959,3048448.0
2003-06-19,15.9,16.015,15.626,15.746,2299307.0
2003-06-20,15.92,16.063,15.746,16.054,3033091.0
2003-06-23,15.872,16.025,15.617,15.691,3192371.0
2003-06-24,15.672,15.833,15.607,15.798,2671244.0
2003-06-25,15.798,16.182,15.727,15.94,3380330.0
2003-06-26,15.988,16.384,15.91,16.285,2962846.0
2003-06-27,16.285,16.48,16.182,16.229,2427655.0
2003-06-30,16.229,16.313,15.746,16.015,3380541.0
2003-07-01,15.92,16.015,15.672,15.949,2482538.0
2003-07-02,15.949,16.2,15.746,16.164,2031438.0
2003-07-03,16.164,16.164,15.825,15.959,1131177.0
2003-07-07,16.015,16.516,16.005,16.507,2602616.0
2003-07-08,16.423,16.946,16.375,16.898,3556362.0
2003-07-09,16.759,16.992,16.704,16.974,2869514.0
2003-07-10,16.806,16.974,16.696,16.788,2671785.0
2003-07-11,16.788,16.788,15.843,16.443,5463534.0
2003-07-14,16.443,16.48,16.22,16.341,3022670.0
2003-07-15,16.2,16.285,15.643,15.763,3885771.0
2003-07-16,15.763,15.92,15.463,15.92,3741738.0
2003-07-17,15.833,16.015,15.55,15.653,2074399.0
2003-07-18,15.662,15.833,15.306,15.817,2063016.0
2003-07-21,16.015,16.489,15.55,15.808,2739232.0
2003-07-22,15.92,16.005,15.662,15.736,2300378.0
2003-07-23,15.825,15.843,15.54,15.578,1901265.0
2003-07-24,15.691,15.825,15.455,15.482,2442689.0
2003-07-25,15.455,15.843,15.455,15.825,2194156.0
2003-07-28,15.825,15.92,15.736,15.862,2796369.0
2003-07-29,15.852,15.91,15.691,15.77,3234258.0
2003-07-30,15.788,15.788,15.083,15.16,2693046.0
2003-07-31,15.315,15.701,15.083,15.278,3131256.0
2003-08-01,15.177,15.278,14.767,15.16,3380001.0
2003-08-04,15.15,15.362,14.904,15.288,3256382.0
2003-08-05,15.177,15.259,14.99,15.018,2588435.0
2003-08-06,15.018,15.362,14.924,15.296,2459555.0
2003-08-07,15.15,15.427,15.142,15.379,2690360.0
2003-08-08,15.417,15.719,15.288,15.653,1661216.0
2003-08-11,15.727,15.825,15.55,15.778,1545546.0
2003-08-12,15.763,15.763,15.362,15.681,1362634.0
2003-08-13,15.736,15.746,15.463,15.643,1074362.0
2003-08-14,15.755,15.825,15.653,15.825,1939499.0
2003-08-15,15.825,15.825,15.607,15.755,857300.0
2003-08-18,15.798,15.862,15.736,15.825,2104473.0
2003-08-19,15.798,15.9,15.662,15.872,1843910.0
2003-08-20,15.872,15.998,15.755,15.778,2291571.0
2003-08-21,15.825,16.071,15.808,16.044,3429191.0
2003-08-22,16.044,16.285,15.89,15.979,3672463.0
2003-08-25,15.959,16.126,15.843,15.949,1475410.0
2003-08-26,15.949,16.081,15.808,15.988,2108558.0
2003-08-27,15.988,16.044,15.736,15.817,2155705.0
2003-08-28,15.872,15.91,15.55,15.736,2543864.0
2003-08-29,15.763,15.93,15.643,15.91,1785265.0
2003-09-02,15.617,16.136,15.617,16.054,3462166.0
2003-09-03,15.872,16.384,15.872,16.295,4850152.0
2003-09-04,16.295,16.48,16.192,16.433,3599969.0
2003-09-05,16.384,16.84,16.276,16.759,4710526.0
2003-09-08,16.769,16.87,16.619,16.677,1980957.0
2003-09-09,16.677,16.769,16.246,16.313,3118046.0
2003-09-10,16.313,17.028,16.313,16.759,5848899.0
2003-09-11,16.759,17.124,16.667,17.095,3160792.0
2003-09-12,17.057,17.308,17.019,17.299,3987694.0
2003-09-15,17.382,17.645,17.318,17.486,3844416.0
2003-09-16,17.365,17.681,17.365,17.43,3915198.0
2003-09-17,17.365,17.539,17.224,17.244,1871192.0
2003-09-18,17.234,17.41,17.176,17.382,2741273.0
2003-09-19,17.365,17.374,16.974,17.224,3411258.0
2003-09-22,17.011,17.011,16.629,16.917,2624631.0
2003-09-23,16.87,17.037,16.714,16.946,2168164.0
2003-09-24,17.037,17.224,16.87,16.927,3374416.0
2003-09-25,16.879,16.946,16.629,16.638,2004589.0
2003-09-26,16.591,16.629,16.368,16.394,1790208.0
2003-09-29,16.359,16.667,16.106,16.601,2349033.0
2003-09-30,16.648,16.704,16.071,16.48,2600787.0
2003-10-01,16.48,16.815,16.48,16.779,2791750.0
2003-10-02,16.815,16.992,16.759,16.833,2243672.0
2003-10-03,17.037,17.289,17.028,17.076,5295341.0
2003-10-06,17.124,17.457,17.066,17.42,2664050.0
2003-10-07,17.42,17.467,17.289,17.467,2621193.0
2003-10-08,17.41,17.495,17.215,17.457,1225268.0
2003-10-09,17.578,18.333,17.502,18.194,6528656.0
2003-10-10,17.783,18.053,17.195,17.215,4396477.0
2003-10-13,17.41,17.681,17.41,17.559,1574969.0
2003-10-14,17.457,17.53,17.299,17.41,1622120.0
2003-10-15,17.401,17.645,17.224,17.318,2269337.0
2003-10-16,17.318,17.539,17.224,17.337,1485504.0
2003-10-17,17.356,17.42,16.992,17.133,2147220.0
2003-10-20,17.272,17.681,17.133,17.681,3381293.0
2003-10-21,17.83,18.11,17.539,17.95,4693447.0
2003-10-22,17.738,17.879,17.588,17.69,3576229.0
2003-10-23,17.645,17.728,17.347,17.448,2590043.0
2003-10-24,17.318,17.318,17.047,17.224,1823289.0
2003-10-27,17.234,17.607,17.234,17.53,1813944.0
2003-10-28,17.539,17.886,17.539,17.886,3039427.0
2003-10-29,17.738,17.869,17.645,17.84,1851640.0
2003-10-30,17.886,18.016,17.681,17.896,1505375.0
2003-10-31,17.922,18.11,17.84,18.062,2236473.0
2003-11-03,17.922,18.044,17.467,17.549,2386672.0
2003-11-04,17.272,17.578,17.264,17.299,1634626.0
2003-11-05,17.299,17.439,17.149,17.299,2043149.0
2003-11-06,17.299,17.495,17.141,17.477,1836926.0
2003-11-07,17.467,17.597,17.327,17.448,1795040.0
2003-11-10,17.448,17.502,17.011,17.327,3230820.0
2003-11-11,17.215,17.254,17.066,17.141,1666262.0
2003-11-12,17.124,17.645,17.124,17.521,3345634.0
2003-11-13,17.53,17.617,17.254,17.539,1781404.0
2003-11-14,17.41,17.578,17.272,17.401,1958939.0
2003-11-17,17.41,17.41,16.677,16.879,2319603.0
2003-11-18,16.898,16.936,16.295,16.313,3546266.0
2003-11-19,16.384,16.384,15.949,16.173,3851617.0
2003-11-20,16.173,16.295,15.511,16.145,3954507.0
2003-11-21,16.276,16.341,16.054,16.2,2196629.0
2003-11-24,16.368,16.85,16.321,16.833,3449710.0
2003-11-25,16.667,16.888,16.571,16.686,2058079.0
2003-11-26,16.85,16.888,16.321,16.815,2134759.0
2003-11-28,16.769,16.888,16.731,16.741,884474.0
2003-12-01,16.87,17.224,16.779,17.168,2401873.0
2003-12-02,17.272,17.289,16.581,16.696,3822507.0
2003-12-03,16.677,17.002,16.554,16.591,2166872.0
2003-12-04,16.591,16.591,15.25,15.455,11773197.0
2003-12-05,14.896,14.896,14.449,14.515,11262382.0
2003-12-08,14.619,14.831,14.486,14.728,6222021.0
2003-12-09,14.85,14.896,14.505,14.619,5216612.0
2003-12-10,15.046,15.064,14.542,14.619,4312163.0
2003-12-11,14.638,14.99,14.638,14.896,3576986.0
2003-12-12,14.941,15.008,14.748,14.796,3466357.0
2003-12-15,15.038,15.177,14.619,14.648,2900873.0
2003-12-16,14.571,14.805,14.245,14.748,4335792.0
2003-12-17,14.686,14.822,14.468,14.805,2532584.0
2003-12-18,14.796,15.064,14.657,15.018,2838688.0
2003-12-19,15.103,15.103,14.805,14.859,2689721.0
2003-12-22,14.85,15.083,14.571,15.054,2592949.0
2003-12-23,14.757,15.142,14.757,15.008,2894321.0
2003-12-24,14.896,15.064,14.738,14.738,1111309.0
2003-12-26,14.712,14.831,14.686,14.757,808324.0
2003-12-29,14.805,14.941,14.677,14.914,2289419.0
2003-12-30,14.805,14.951,14.786,14.951,1908463.0
2003-12-31,14.904,15.073,14.904,15.028,1998251.0
2004-01-02,15.103,15.268,14.738,14.841,2494028.0
2004-01-05,14.841,14.887,14.738,14.887,4784631.0
2004-01-06,14.805,15.132,14.805,15.122,5610569.0
2004-01-07,15.132,15.455,15.103,15.417,5261934.0
2004-01-08,15.408,15.408,14.896,14.941,4844996.0
2004-01-09,14.815,14.822,14.209,14.227,8775444.0
2004-01-12,14.338,14.495,14.155,14.264,3364108.0
2004-01-13,14.255,14.311,14.199,14.292,3568927.0
2004-01-14,14.302,14.552,14.255,14.421,4468866.0
2004-01-15,14.411,14.533,14.311,14.421,3475162.0
2004-01-16,14.505,14.552,14.429,14.495,3543796.0
2004-01-20,14.429,14.477,14.022,14.088,5291366.0
2004-01-21,14.078,14.171,13.778,14.058,8181927.0
2004-01-22,14.311,14.61,14.199,14.421,9210217.0
2004-01-23,14.562,14.628,14.264,14.628,7789476.0
2004-01-26,14.524,14.619,14.272,14.477,4918241.0
2004-01-27,14.533,14.667,14.486,14.571,6285173.0
2004-01-28,14.477,14.477,13.967,14.117,8818833.0
2004-01-29,14.171,14.338,13.834,14.002,5246365.0
2004-01-30,13.967,14.088,13.844,13.92,5506924.0
2004-02-02,13.92,14.002,13.705,13.797,4970546.0
2004-02-03,13.705,13.778,13.221,13.474,5854269.0
2004-02-04,13.406,13.64,13.315,13.435,5193735.0
2004-02-05,13.5,13.715,13.464,13.631,3350572.0
2004-02-06,13.567,13.834,13.5,13.797,3445841.0
2004-02-09,13.76,13.863,13.623,13.64,2275461.0
2004-02-10,13.605,13.741,13.558,13.677,3509960.0
2004-02-11,13.605,13.677,13.5,13.631,2642997.0
2004-02-12,13.733,13.957,13.724,13.854,3900376.0
2004-02-13,13.834,13.873,13.406,13.549,3558079.0
2004-02-17,13.824,13.91,13.695,13.891,3870842.0
2004-02-18,13.92,13.92,13.705,13.769,3676977.0
2004-02-19,13.806,13.854,13.567,13.614,3404813.0
2004-02-20,13.769,13.806,13.558,13.64,3390956.0
2004-02-23,13.64,13.715,13.268,13.354,3816169.0
2004-02-24,13.354,13.406,12.987,13.07,4647799.0
2004-02-25,13.164,13.5,13.043,13.268,4381119.0
2004-02-26,13.268,13.268,13.043,13.136,2829987.0
2004-02-27,13.203,13.268,12.86,12.86,6563675.0
2004-03-01,13.033,13.043,12.841,12.997,7386385.0
2004-03-02,12.916,13.014,12.86,12.961,5457199.0
2004-03-03,12.952,13.221,12.943,13.174,4944664.0
2004-03-04,13.213,13.415,13.174,13.406,5024791.0
2004-03-05,13.354,13.519,13.239,13.482,5327239.0
2004-03-08,13.491,13.529,13.315,13.344,3881688.0
2004-03-09,13.354,13.354,12.978,13.127,3648082.0
2004-03-10,13.079,13.183,12.822,12.899,14835068.0
2004-03-11,12.744,13.079,12.522,12.568,5766628.0
2004-03-12,12.803,12.987,12.71,12.943,3109452.0
2004-03-15,12.85,12.85,11.993,12.302,11499532.0
2004-03-16,12.736,12.736,12.365,12.512,5972525.0
2004-03-17,12.568,12.831,12.551,12.719,5767805.0
2004-03-18,13.005,13.024,12.551,12.614,6897379.0
2004-03-19,12.577,12.784,12.522,12.596,4353404.0
2004-03-22,12.899,12.899,12.302,12.384,4509785.0
2004-03-23,12.492,12.664,12.411,12.411,4636845.0
2004-03-24,12.429,12.587,12.392,12.457,3495033.0
2004-03-25,12.664,13.052,12.587,12.889,8267530.0
2004-03-26,12.987,13.221,12.925,12.978,9772047.0
2004-03-29,13.146,13.258,13.043,13.136,5177410.0
2004-03-30,13.136,13.193,12.978,13.052,4342986.0
2004-03-31,13.043,13.38,12.952,13.229,8544096.0
2004-04-01,13.268,13.364,13.174,13.354,5921936.0
2004-04-02,13.549,13.91,13.549,13.891,8601662.0
2004-04-05,13.91,14.012,13.901,13.948,5505311.0
2004-04-06,14.058,14.209,13.268,13.994,5924832.0
2004-04-07,13.994,14.05,13.824,13.976,3853117.0
2004-04-08,14.012,14.117,13.806,13.928,3546910.0
2004-04-12,13.928,14.04,13.92,13.994,3162619.0
2004-04-13,14.012,14.058,13.834,13.891,4424614.0
2004-04-14,13.797,14.058,13.778,14.022,3147044.0
2004-04-15,14.012,14.012,13.623,13.806,4898266.0
2004-04-16,13.733,13.806,13.596,13.705,2568029.0
2004-04-19,13.631,13.705,13.5,13.529,2376312.0
2004-04-20,13.686,13.834,13.529,13.558,2751157.0
2004-04-21,13.529,13.824,13.364,13.715,3874276.0
2004-04-22,13.778,14.245,13.769,14.136,6646159.0
2004-04-23,14.136,14.18,13.92,13.948,3593839.0
2004-04-26,13.957,14.012,13.631,13.715,3287206.0
2004-04-27,13.873,13.938,13.669,13.724,4432453.0
2004-04-28,13.816,13.91,13.64,13.64,2622054.0
2004-04-29,13.623,13.715,13.268,13.325,3013651.0
2004-04-30,13.334,13.539,13.258,13.297,2288243.0
2004-05-03,13.268,13.482,13.033,13.425,3488265.0
2004-05-04,13.596,13.614,13.38,13.491,3864935.0
2004-05-05,13.396,13.596,13.334,13.454,2912473.0
2004-05-06,13.354,13.354,13.164,13.287,2800344.0
2004-05-07,13.229,13.415,13.033,13.033,2558474.0
2004-05-10,13.043,13.174,12.71,12.935,4037747.0
2004-05-11,12.943,13.183,12.899,12.952,2927617.0
2004-05-12,12.961,13.005,12.624,12.952,2475017.0
2004-05-13,13.07,13.203,12.943,13.089,2609591.0
2004-05-14,13.024,13.435,13.024,13.334,4381867.0
2004-05-17,13.174,13.435,13.079,13.297,3531766.0
2004-05-18,13.406,13.873,13.389,13.863,3868048.0
2004-05-19,13.967,14.199,13.631,13.75,4354373.0
2004-05-20,13.733,13.901,13.686,13.806,3097425.0
2004-05-21,13.967,14.209,13.91,14.18,4314849.0
2004-05-24,14.199,14.365,14.088,14.219,3659787.0
2004-05-25,14.219,14.805,14.199,14.677,5624104.0
2004-05-26,14.619,14.815,14.61,14.61,3563129.0
2004-05-27,14.831,14.85,14.515,14.58,3759030.0
2004-05-28,14.61,14.767,14.365,14.439,2979599.0
2004-06-01,14.338,14.411,14.098,14.302,2427759.0
2004-06-02,14.292,14.648,14.199,14.648,4169318.0
2004-06-03,14.524,14.6,14.255,14.282,3067780.0
2004-06-04,14.429,14.619,14.338,14.524,2692834.0
2004-06-07,14.505,14.61,14.365,14.468,2466105.0
2004-06-08,14.383,14.667,14.302,14.657,4376818.0
2004-06-09,14.667,14.887,14.571,14.58,3277326.0
2004-06-10,14.477,14.6,14.155,14.255,2725157.0
2004-06-14,14.058,14.311,13.967,14.136,2960057.0
2004-06-15,14.245,14.411,14.155,14.347,2693587.0
2004-06-16,14.321,14.429,14.163,14.392,2343662.0
2004-06-17,14.338,14.486,14.302,14.429,3988018.0
2004-06-18,14.292,14.869,14.292,14.786,4916956.0
2004-06-21,14.619,14.815,14.61,14.703,2143464.0
2004-06-22,14.628,14.815,14.6,14.6,2374487.0
2004-06-23,14.571,14.877,14.429,14.85,4011111.0
2004-06-24,14.805,14.815,14.677,14.686,3450457.0
2004-06-25,14.728,15.825,14.695,15.825,10863270.0
2004-06-28,15.882,15.882,15.362,15.491,5476102.0
2004-06-29,15.427,15.755,15.427,15.653,3090333.0
2004-06-30,15.569,15.672,15.408,15.617,2296727.0
2004-07-01,15.482,15.691,15.205,15.352,2183310.0
2004-07-02,15.223,15.232,14.934,15.093,2771240.0
2004-07-06,14.924,14.97,14.677,14.757,2754910.0
2004-07-07,14.648,15.038,14.619,14.941,3316097.0
2004-07-08,14.805,14.924,14.449,14.459,1919307.0
2004-07-09,14.524,14.738,14.392,14.429,3831851.0
2004-07-12,14.392,14.58,14.356,14.486,1504838.0
2004-07-13,14.429,14.562,14.338,14.338,3455080.0
2004-07-14,14.245,14.383,14.012,14.022,2383726.0
2004-07-15,14.199,14.199,13.64,13.733,8233913.0
2004-07-16,14.107,14.107,13.567,13.567,4067497.0
2004-07-19,13.576,13.596,13.221,13.371,5517125.0
2004-07-20,13.371,13.75,13.268,13.695,3447026.0
2004-07-21,13.873,14.012,13.371,13.406,2704433.0
2004-07-22,13.389,13.596,12.997,13.239,4126242.0
2004-07-23,13.239,13.389,13.164,13.221,3966536.0
2004-07-26,13.136,13.239,13.005,13.033,2846956.0
2004-07-27,13.108,13.249,13.07,13.229,3212132.0
2004-07-28,13.098,13.415,12.793,13.258,3575263.0
2004-07-29,13.297,13.778,13.297,13.509,2632151.0
2004-07-30,13.38,13.491,13.183,13.474,1962055.0
2004-08-02,13.277,13.364,13.164,13.268,2615717.0
2004-08-03,13.193,13.297,12.879,12.879,4250514.0
2004-08-04,12.879,13.06,12.475,13.033,8424878.0
2004-08-05,12.97,12.978,12.754,12.85,3918959.0
2004-08-06,12.568,12.654,12.392,12.541,5518524.0
2004-08-09,12.485,12.56,12.272,12.392,2685962.0
2004-08-10,12.384,12.764,12.346,12.764,3241774.0
2004-08-11,12.672,13.033,12.512,12.935,3568390.0
2004-08-12,12.889,12.925,12.664,12.754,2692185.0
2004-08-13,12.7,12.997,12.7,12.841,3176367.0
2004-08-16,12.889,13.5,12.813,13.5,3486441.0
2004-08-17,13.5,13.76,13.454,13.474,3761827.0
2004-08-18,13.354,13.733,13.229,13.733,3451211.0
2004-08-19,13.677,13.677,13.315,13.464,2396720.0
2004-08-20,13.334,13.824,13.334,13.686,2656209.0
2004-08-23,13.695,13.901,13.596,13.596,1861741.0
2004-08-24,13.733,13.928,13.733,13.834,3215139.0
2004-08-25,13.741,13.994,13.686,13.976,3170026.0
2004-08-26,14.04,14.392,14.04,14.245,3311587.0
2004-08-27,14.171,14.171,13.631,13.686,3541861.0
2004-08-30,13.695,14.058,13.614,13.863,2981104.0
2004-08-31,13.854,14.002,13.614,13.797,1907601.0
2004-09-01,13.733,13.967,13.509,13.623,2012858.0
2004-09-02,13.669,13.967,13.623,13.938,1636515.0
2004-09-03,13.733,13.76,13.213,13.268,4394434.0
2004-09-07,13.268,13.596,13.268,13.454,2599501.0
2004-09-08,13.334,13.425,13.164,13.277,2907213.0
2004-09-09,13.221,13.258,12.943,12.97,4391426.0
2004-09-10,12.943,13.364,12.71,13.344,3509318.0
2004-09-13,13.344,13.371,13.098,13.258,2246462.0
2004-09-14,13.258,13.406,13.203,13.396,2648152.0
2004-09-15,13.287,13.364,13.098,13.174,2840406.0
2004-09-16,13.193,13.38,13.127,13.354,3418564.0
2004-09-17,13.425,13.529,13.325,13.509,4155138.0
2004-09-20,13.344,13.482,13.249,13.249,3278397.0
2004-09-21,13.258,13.389,13.183,13.229,2446019.0
2004-09-22,13.098,13.213,12.943,13.014,2305101.0
2004-09-23,13.014,13.146,12.86,12.916,2648690.0
2004-09-24,13.005,13.089,12.719,12.86,3140172.0
2004-09-27,12.728,12.784,12.338,12.42,5703579.0
2004-09-28,12.429,12.952,12.282,12.889,6370992.0
2004-09-29,12.822,12.987,12.522,12.719,4149230.0
2004-09-30,12.692,12.784,12.56,12.682,5073225.0
2004-10-01,12.682,12.952,12.624,12.899,3671609.0
2004-10-04,13.277,13.277,12.997,13.229,3189251.0
2004-10-05,13.089,13.183,12.935,13.014,2176969.0
2004-10-06,13.052,13.193,12.925,13.024,3185492.0
2004-10-07,13.024,13.06,12.908,12.925,3430698.0
2004-10-08,12.925,12.943,12.793,12.86,1851750.0
2004-10-11,12.86,12.899,12.577,12.654,3194302.0
2004-10-12,12.568,12.71,12.522,12.672,4275964.0
2004-10-13,12.85,12.935,12.587,12.634,3589549.0
2004-10-14,13.014,13.164,12.943,13.164,4761111.0
2004-10-15,13.306,13.5,13.229,13.389,4868089.0
2004-10-18,13.306,13.482,13.249,13.389,2783589.0
2004-10-19,13.435,13.474,13.07,13.136,2780259.0
2004-10-20,13.043,13.277,12.952,13.277,2560615.0
2004-10-21,13.183,13.5,13.108,13.5,2384153.0
2004-10-22,13.5,13.519,13.354,13.5,4335792.0
2004-10-25,13.38,13.733,13.297,13.631,3564740.0
2004-10-26,13.64,13.873,13.549,13.873,4720187.0
2004-10-27,13.75,14.245,13.649,14.19,6180990.0
2004-10-28,14.199,14.712,14.171,14.703,7074487.0
2004-10-29,14.667,14.728,14.477,14.686,5302105.0
2004-11-01,14.515,14.552,14.19,14.392,5334970.0
2004-11-02,14.365,14.98,14.311,14.859,7988494.0
2004-11-03,14.896,14.961,14.58,14.638,3372272.0
2004-11-04,14.796,15.093,14.638,15.083,3755166.0
2004-11-05,15.038,15.142,14.924,15.054,4178552.0
2004-11-08,15.054,15.132,14.941,15.028,2690360.0
2004-11-09,15.093,15.142,14.85,14.914,2345917.0
2004-11-10,14.961,14.961,14.477,14.505,3478598.0
2004-11-11,14.6,14.815,14.571,14.796,1880322.0
2004-11-12,14.767,14.896,14.619,14.896,1725229.0
2004-11-15,14.805,15.103,14.657,14.99,3804034.0
2004-11-16,14.887,14.961,14.738,14.738,2740629.0
2004-11-17,14.686,14.896,14.449,14.524,2838794.0
2004-11-18,14.619,14.805,14.524,14.738,2275247.0
2004-11-19,14.757,14.757,14.199,14.282,3216534.0
2004-11-22,14.155,14.421,14.068,14.292,2900663.0
2004-11-23,14.199,14.648,14.171,14.515,3265404.0
2004-11-24,14.796,14.934,14.728,14.85,2917736.0
2004-11-26,14.777,14.822,14.61,14.619,939679.0
2004-11-29,14.777,14.85,14.495,14.542,2214455.0
2004-11-30,14.677,14.805,14.58,14.648,2300488.0
2004-12-01,14.677,15.315,14.667,15.196,6068539.0
2004-12-02,15.103,15.597,15.083,15.177,4295944.0
2004-12-03,15.169,15.335,14.767,15.008,3172927.0
2004-12-06,14.805,14.914,14.728,14.757,2681774.0
2004-12-07,14.738,14.97,14.61,14.648,3246177.0
2004-12-08,14.686,14.767,14.486,14.562,2883046.0
2004-12-09,14.468,14.686,14.347,14.638,2411111.0
2004-12-10,14.505,14.777,14.449,14.628,2145288.0
2004-12-13,14.628,14.841,14.6,14.822,3433169.0
2004-12-14,14.805,14.99,14.786,14.904,4580669.0
2004-12-15,14.822,14.887,14.619,14.728,2734072.0
2004-12-16,14.657,14.738,14.562,14.695,3521455.0
2004-12-17,14.695,14.815,14.677,14.712,5384161.0
2004-12-20,14.667,14.738,14.486,14.505,1918128.0
2004-12-21,14.486,14.712,14.429,14.628,2531084.0
2004-12-22,14.695,14.869,14.628,14.738,2263110.0
2004-12-23,14.738,14.805,14.58,14.61,1424065.0
2004-12-27,14.61,14.72,14.571,14.571,2307897.0
2004-12-28,14.59,14.786,14.542,14.786,2101468.0
2004-12-29,14.85,15.16,14.85,15.008,3674074.0
2004-12-30,15.064,15.25,14.999,15.232,2646757.0
2004-12-31,15.232,15.296,15.122,15.16,2401337.0
2005-01-03,15.215,15.315,14.896,14.961,3477314.0
2005-01-04,14.896,14.924,14.477,14.533,3806291.0
2005-01-05,14.515,14.552,14.356,14.533,3656462.0
2005-01-06,14.533,14.757,14.421,14.429,3269914.0
2005-01-07,14.648,14.703,14.374,14.486,3079271.0
2005-01-10,14.411,14.686,14.401,14.58,2655672.0
2005-01-11,14.449,14.533,14.331,14.356,3656999.0
2005-01-12,14.356,14.383,14.022,14.219,3555391.0
2005-01-13,14.163,14.331,13.863,13.948,3780943.0
2005-01-14,14.04,14.117,13.824,13.948,4308834.0
2005-01-18,14.107,14.155,13.948,13.967,5552570.0
2005-01-19,13.649,13.778,13.268,13.396,7019495.0
2005-01-20,13.364,13.491,13.052,13.089,5901956.0
2005-01-21,13.098,13.164,12.822,12.889,5817965.0
2005-01-24,12.889,12.997,12.664,12.841,5477389.0
2005-01-25,12.961,13.474,12.961,13.268,5534852.0
2005-01-26,13.454,13.482,13.258,13.396,5100720.0
2005-01-27,13.406,13.406,13.203,13.315,3445522.0
2005-01-28,13.325,13.354,13.118,13.249,3570754.0
2005-01-31,13.454,13.549,13.38,13.482,3273245.0
2005-02-01,13.482,13.558,13.38,13.549,3482791.0
2005-02-02,13.558,13.741,13.464,13.549,4004988.0
2005-02-03,13.558,13.705,13.454,13.596,3096779.0
2005-02-04,13.605,13.901,13.549,13.778,2755665.0
2005-02-07,13.695,13.967,13.686,13.816,2860917.0
2005-02-08,13.806,13.948,13.659,13.741,2045621.0
2005-02-09,13.741,13.844,13.297,13.344,3165197.0
2005-02-10,13.354,13.649,13.344,13.549,2542790.0
2005-02-11,13.464,13.549,13.371,13.482,3532516.0
2005-02-14,13.482,13.539,13.174,13.277,3950962.0
2005-02-15,13.277,13.344,13.221,13.315,2628391.0
2005-02-16,13.306,13.454,13.239,13.315,3116112.0
2005-02-17,13.268,13.315,13.127,13.249,3599430.0
2005-02-18,13.258,13.268,13.06,13.118,5334759.0
2005-02-22,13.033,13.052,12.803,12.841,4178019.0
2005-02-23,12.987,13.146,12.841,13.118,2889595.0
2005-02-24,13.052,13.164,12.997,13.146,2412614.0
2005-02-25,13.079,13.306,13.043,13.249,2143033.0
2005-02-28,13.154,13.183,12.764,12.899,4562089.0
2005-03-01,12.889,13.425,12.889,13.221,4482183.0
2005-03-02,13.221,13.334,13.098,13.136,5117370.0
2005-03-03,13.136,13.474,13.136,13.415,3133300.0
2005-03-04,13.631,13.76,13.529,13.75,4456514.0
2005-03-07,13.733,13.806,13.649,13.778,4806112.0
2005-03-08,13.76,13.797,13.686,13.778,4656288.0
2005-03-09,13.769,13.787,13.491,13.491,3595242.0
2005-03-10,13.435,13.444,13.203,13.268,3569785.0
2005-03-11,13.203,13.364,13.183,13.213,4119371.0
2005-03-14,13.221,13.491,13.203,13.268,3703182.0
2005-03-15,13.406,13.406,13.268,13.306,4237839.0
2005-03-16,13.258,13.364,13.127,13.213,3961055.0
2005-03-17,13.146,13.38,13.118,13.334,2921068.0
2005-03-18,13.567,13.715,13.435,13.5,8275373.0
2005-03-21,13.464,13.482,13.203,13.325,4204007.0
2005-03-22,13.268,13.344,13.146,13.146,5090733.0
2005-03-23,13.174,13.669,13.174,13.482,6141897.0
2005-03-24,13.482,13.519,13.203,13.203,3164338.0
2005-03-28,13.297,13.435,13.203,13.221,2261604.0
2005-03-29,13.136,13.249,13.024,13.06,3560979.0
2005-03-30,13.154,13.519,13.154,13.406,5585654.0
2005-03-31,13.354,13.354,13.213,13.258,5749118.0
2005-04-01,13.258,13.268,12.952,13.033,5516699.0
2005-04-04,13.033,13.154,12.899,13.06,5670611.0
2005-04-05,13.118,13.334,13.118,13.315,3120840.0
2005-04-06,13.354,13.5,13.213,13.239,3389455.0
2005-04-07,13.268,13.576,13.239,13.529,4357705.0
2005-04-08,13.576,13.576,13.277,13.464,4683135.0
2005-04-11,13.464,13.519,13.325,13.364,2192116.0
2005-04-12,13.287,13.64,13.174,13.631,4362537.0
2005-04-13,13.64,13.873,13.586,13.705,6061771.0
2005-04-14,14.068,14.338,13.733,13.91,15241809.0
2005-04-15,13.967,14.098,13.715,13.778,6312132.0
2005-04-18,13.873,14.058,13.797,13.834,4598823.0
2005-04-19,13.787,14.002,13.669,13.824,6422866.0
2005-04-20,13.778,13.824,13.415,13.444,7392399.0
2005-04-21,13.741,14.058,13.705,13.938,4180163.0
2005-04-22,13.797,13.844,13.435,13.5,3497288.0
2005-04-25,13.529,13.901,13.529,13.677,4094779.0
2005-04-26,13.586,13.816,13.549,13.558,3288172.0
2005-04-27,13.5,13.797,13.406,13.76,3780835.0
2005-04-28,13.64,13.91,13.558,13.576,3311372.0
2005-04-29,13.596,13.901,13.454,13.854,3133402.0
2005-05-02,13.854,14.058,13.741,13.967,4504740.0
2005-05-03,13.967,14.032,13.881,13.957,4208193.0
2005-05-04,13.967,14.429,13.938,14.429,6995222.0
2005-05-05,14.255,14.338,14.171,14.264,4125068.0
2005-05-06,14.282,14.411,14.068,14.235,3394287.0
2005-05-09,14.171,14.321,14.146,14.321,3006557.0
2005-05-10,14.18,14.199,13.92,13.92,4924149.0
2005-05-11,13.92,13.957,13.509,13.873,6037501.0
2005-05-12,13.854,13.957,13.509,13.529,6321370.0
2005-05-13,13.659,13.957,13.596,13.844,6269599.0
2005-05-16,13.844,14.078,13.844,13.976,3789533.0
2005-05-17,13.92,14.058,13.901,13.967,5222090.0
2005-05-18,14.199,14.219,13.901,13.957,7178665.0
2005-05-19,13.816,13.824,13.631,13.769,4386595.0
2005-05-20,14.002,14.058,13.863,13.91,4225701.0
2005-05-23,13.844,13.948,13.769,13.863,3764509.0
2005-05-24,13.76,13.76,13.623,13.686,2641924.0
2005-05-25,13.605,13.669,13.371,13.5,4653062.0
2005-05-26,13.519,13.686,13.464,13.649,3386768.0
2005-05-27,13.64,13.659,13.509,13.605,1265002.0
2005-05-31,13.623,13.824,13.519,13.549,3245322.0
2005-06-01,13.549,13.669,13.482,13.519,3151449.0
2005-06-02,13.454,13.733,13.415,13.669,3759244.0
2005-06-03,13.669,13.669,13.5,13.586,2598426.0
2005-06-06,13.539,13.64,13.491,13.64,1761208.0
2005-06-07,13.631,13.891,13.586,13.605,4355552.0
2005-06-08,13.631,13.695,13.474,13.539,3584070.0
2005-06-09,13.482,13.529,13.371,13.454,5333256.0
2005-06-10,13.454,13.549,13.334,13.389,1725985.0
2005-06-13,13.371,13.491,13.371,13.415,1531045.0
2005-06-14,13.396,13.491,13.334,13.344,1977949.0
2005-06-15,13.344,13.396,13.229,13.268,2064631.0
2005-06-16,13.268,13.364,13.221,13.277,1848958.0
2005-06-17,13.406,13.406,13.052,13.098,5093632.0
2005-06-20,13.108,13.38,13.108,13.344,2483395.0
2005-06-21,13.315,13.396,13.221,13.38,1649614.0
2005-06-22,13.396,13.464,13.297,13.371,2509922.0
2005-06-23,13.315,13.364,12.841,12.841,8718734.0
2005-06-24,12.899,12.925,12.624,12.908,8976824.0
2005-06-27,12.841,12.935,12.644,12.822,4636952.0
2005-06-28,12.86,13.098,12.85,13.079,2666840.0
2005-06-29,13.07,13.07,12.925,12.997,2928155.0
2005-06-30,13.005,13.052,12.943,12.97,5001160.0
2005-07-01,12.961,12.978,12.813,12.86,2298339.0
2005-07-05,12.85,12.889,12.719,12.831,2243348.0
2005-07-06,12.85,12.869,12.654,12.654,3006557.0
2005-07-07,12.568,12.879,12.401,12.822,4032805.0
2005-07-08,12.784,13.033,12.587,12.978,2382866.0
2005-07-11,12.978,13.127,12.952,13.024,2164725.0
2005-07-12,12.961,13.033,12.692,12.754,4444160.0
2005-07-13,12.754,13.07,12.71,13.014,4257175.0
2005-07-14,13.529,13.724,13.415,13.425,13292209.0
2005-07-15,13.38,13.389,12.97,13.239,6292368.0
2005-07-18,13.239,13.733,13.193,13.576,6294088.0
2005-07-19,13.669,13.695,13.354,13.435,4213781.0
2005-07-20,13.464,13.659,13.435,13.596,3318248.0
2005-07-21,13.596,13.596,13.277,13.406,3999618.0
2005-07-22,13.519,13.576,13.325,13.406,1880001.0
2005-07-25,13.396,13.454,13.258,13.277,2286096.0
2005-07-26,13.277,13.364,13.229,13.277,2033802.0
2005-07-27,13.277,13.344,13.079,13.229,2461699.0
2005-07-28,13.229,13.354,13.229,13.277,2403913.0
2005-07-29,13.249,13.315,13.203,13.213,2386729.0
2005-08-01,13.229,13.268,13.127,13.146,2049483.0
2005-08-02,13.127,13.258,13.089,13.229,3403524.0
2005-08-03,13.258,13.406,13.203,13.334,3046730.0
2005-08-04,13.306,13.334,13.06,13.108,3470117.0
2005-08-05,13.108,13.146,12.997,12.997,2571466.0
2005-08-08,13.033,13.06,12.97,12.987,2650515.0
2005-08-09,12.997,12.997,12.879,12.916,1895359.0
2005-08-10,12.899,13.043,12.813,12.813,4348680.0
2005-08-11,12.813,12.831,12.71,12.754,2348603.0
2005-08-12,12.754,12.85,12.654,12.7,2866397.0
2005-08-15,12.692,12.822,12.429,12.736,3854732.0
2005-08-16,12.784,12.997,12.605,12.634,2759315.0
2005-08-17,12.634,12.978,12.596,12.86,2831278.0
2005-08-18,12.879,12.879,12.654,12.7,3608343.0
2005-08-19,12.71,12.736,12.634,12.654,2807536.0
2005-08-22,12.654,12.784,12.624,12.664,2387266.0
2005-08-23,12.614,12.7,12.532,12.577,2444300.0
2005-08-24,12.522,12.7,12.485,12.532,2712165.0
2005-08-25,12.532,12.754,12.512,12.654,3271953.0
2005-08-26,12.654,12.744,12.568,12.577,2222940.0
2005-08-29,12.541,12.568,12.384,12.512,3488160.0
2005-08-30,12.457,12.485,12.216,12.365,3433276.0
2005-08-31,12.292,12.401,12.16,12.401,3739379.0
2005-09-01,12.401,12.401,12.151,12.234,5809478.0
2005-09-02,12.429,12.682,12.429,12.577,7018636.0
2005-09-06,12.728,12.978,12.644,12.961,6119663.0
2005-09-07,12.943,12.943,12.654,12.784,3966322.0
2005-09-08,12.784,12.952,12.7,12.822,4276506.0
2005-09-09,12.822,12.943,12.736,12.813,2556537.0
2005-09-12,12.754,13.079,12.728,13.06,4416454.0
2005-09-13,12.925,13.052,12.813,12.85,3979318.0
2005-09-14,12.793,12.935,12.7,12.7,2425931.0
2005-09-15,12.692,13.024,12.682,12.85,4843489.0
2005-09-16,13.033,13.631,12.879,13.596,15466713.0
2005-09-19,13.268,13.396,13.221,13.297,7446533.0
2005-09-20,13.364,13.614,13.203,13.221,6719085.0
2005-09-21,13.406,13.631,13.213,13.239,7938013.0
2005-09-22,13.239,13.491,13.164,13.297,4501303.0
2005-09-23,13.354,13.659,13.174,13.529,5007174.0
2005-09-26,13.659,13.677,13.364,13.425,3661831.0
2005-09-27,13.5,13.567,13.38,13.549,2723551.0
2005-09-28,13.549,13.64,13.38,13.558,2597673.0
2005-09-29,13.509,13.567,13.334,13.519,1952927.0
2005-09-30,13.529,13.824,13.482,13.824,5236156.0
2005-10-03,13.76,13.834,13.659,13.797,3230707.0
2005-10-04,13.778,14.002,13.778,13.816,6247689.0
2005-10-05,13.75,14.088,13.741,13.976,5782204.0
2005-10-06,14.058,14.356,14.058,14.163,6293552.0
2005-10-07,14.155,14.282,13.928,14.117,4190690.0
2005-10-10,13.967,14.04,13.854,13.994,3573437.0
2005-10-11,13.957,13.994,13.539,13.677,4544910.0
2005-10-12,13.705,13.778,13.605,13.686,3792758.0
2005-10-13,13.741,13.901,13.64,13.769,2867581.0
2005-10-14,13.967,14.628,13.91,14.449,7680567.0
2005-10-17,14.429,14.439,14.107,14.219,5063343.0
2005-10-18,14.245,14.411,14.219,14.219,3578811.0
2005-10-19,14.209,14.505,14.155,14.505,4176404.0
2005-10-20,14.571,14.619,13.901,14.032,5934608.0
2005-10-21,14.199,14.796,14.107,14.712,8995189.0
2005-10-24,14.657,14.887,14.648,14.805,5907324.0
2005-10-25,14.495,14.85,14.18,14.356,5015011.0
2005-10-26,14.311,14.703,14.311,14.505,5153677.0
2005-10-27,14.468,14.61,14.365,14.374,2606696.0
2005-10-28,14.58,14.738,14.459,14.667,3019769.0
2005-10-31,14.712,14.98,14.638,14.904,7784318.0
2005-11-01,14.896,15.038,14.85,14.924,4473915.0
2005-11-02,14.914,15.296,14.796,15.288,5984337.0
2005-11-03,15.278,15.362,15.132,15.268,4460595.0
2005-11-04,15.196,15.268,14.97,15.177,3052099.0
2005-11-07,15.215,15.223,15.064,15.064,2941687.0
2005-11-08,14.941,15.223,14.941,15.16,2772525.0
2005-11-09,15.083,15.362,15.083,15.259,2807432.0
2005-11-10,15.306,15.511,15.288,15.473,3190329.0
2005-11-11,15.362,15.588,15.352,15.56,2163332.0
2005-11-14,15.473,15.597,15.427,15.597,2932129.0
2005-11-15,15.597,15.597,15.278,15.315,2885407.0
2005-11-16,15.389,15.437,14.98,14.99,3919173.0
2005-11-17,14.99,15.325,14.815,15.296,6148772.0
2005-11-18,15.578,15.588,15.142,15.398,3376460.0
2005-11-21,15.306,15.463,15.177,15.315,2968325.0
2005-11-22,15.177,15.315,14.999,15.169,2889489.0
2005-11-23,15.122,15.54,15.073,15.447,3674183.0
2005-11-25,15.455,15.511,15.169,15.296,1098742.0
2005-11-28,15.455,15.569,15.379,15.398,3081957.0
2005-11-29,15.335,15.343,14.805,14.877,5925585.0
2005-11-30,14.961,15.389,14.951,15.362,5224666.0
2005-12-01,15.362,15.473,15.296,15.379,3238659.0
2005-12-02,15.362,15.588,15.343,15.447,3324691.0
2005-12-05,15.325,15.482,15.315,15.455,2152052.0
2005-12-06,15.511,15.588,15.343,15.379,3859460.0
2005-12-07,15.362,15.379,15.177,15.296,3595671.0
2005-12-08,15.241,15.473,15.196,15.306,2444196.0
2005-12-09,15.083,15.268,15.046,15.177,2381791.0
2005-12-12,15.093,15.325,15.073,15.186,2186212.0
2005-12-13,15.196,15.362,14.98,15.093,2609704.0
2005-12-14,15.113,15.352,15.083,15.142,3101611.0
2005-12-15,15.16,15.473,15.113,15.463,2860492.0
2005-12-16,15.491,15.778,15.455,15.662,6624677.0
2005-12-19,15.569,15.71,15.325,15.417,3935067.0
2005-12-20,15.371,15.473,15.196,15.343,2574582.0
2005-12-21,15.437,15.501,15.343,15.389,2519376.0
2005-12-22,15.371,15.54,15.343,15.473,2419919.0
2005-12-23,15.473,15.588,15.417,15.437,2393605.0
2005-12-27,15.455,15.672,15.352,15.371,3519737.0
2005-12-28,15.437,15.521,15.186,15.463,2927185.0
2005-12-29,15.455,15.597,15.398,15.398,2682093.0
2005-12-30,15.362,15.379,15.223,15.296,2023062.0
2006-01-03,15.241,15.371,14.97,15.296,4439758.0
2006-01-04,15.232,15.825,15.232,15.77,7036468.0
2006-01-05,15.727,15.825,15.54,15.817,3589227.0
2006-01-06,15.825,16.035,15.778,15.92,4649838.0
2006-01-09,15.808,16.071,15.755,15.949,4286813.0
2006-01-10,15.825,15.92,15.71,15.872,2001794.0
2006-01-11,15.825,15.9,15.473,15.597,2906459.0
2006-01-12,15.268,15.55,15.186,15.232,4879363.0
2006-01-13,15.343,15.463,15.142,15.241,2797877.0
2006-01-17,15.028,15.028,14.439,14.777,6352516.0
2006-01-18,14.85,15.662,14.72,15.607,6992746.0
2006-01-19,15.482,15.491,14.896,15.046,5541832.0
2006-01-20,15.306,15.447,15.028,15.093,6458523.0
2006-01-23,15.268,15.398,15.073,15.122,3830669.0
2006-01-24,15.132,15.335,14.97,15.241,3997254.0
2006-01-25,15.306,15.315,15.064,15.268,3284519.0
2006-01-26,15.306,15.352,15.064,15.177,4480681.0
2006-01-27,15.073,15.223,15.038,15.196,3495463.0
2006-01-30,15.083,15.352,15.038,15.278,3350362.0
2006-01-31,15.278,15.362,15.177,15.325,4794298.0
2006-02-01,15.215,15.268,14.99,15.113,5833218.0
2006-02-02,15.16,15.588,15.083,15.379,8331864.0
2006-02-03,15.379,15.427,15.073,15.296,3453468.0
2006-02-06,15.215,15.501,15.169,15.398,2478777.0
2006-02-07,15.177,15.352,14.98,15.038,5540759.0
2006-02-08,14.924,15.473,14.924,15.215,3937434.0
2006-02-09,15.177,15.427,15.142,15.371,2995284.0
2006-02-10,15.371,15.447,15.25,15.288,2625921.0
2006-02-13,15.223,15.362,15.142,15.315,2599393.0
2006-02-14,15.296,15.691,15.241,15.653,3541326.0
2006-02-15,15.55,15.727,15.417,15.672,3802106.0
2006-02-16,15.55,15.662,15.53,15.662,2144753.0
2006-02-17,15.597,15.681,15.473,15.653,2223585.0
2006-02-21,15.53,15.643,15.398,15.54,2818067.0
2006-02-22,15.55,15.71,15.54,15.672,3016658.0
2006-02-23,15.588,15.763,15.569,15.662,3330598.0
2006-02-24,15.626,15.634,15.315,15.482,3765370.0
2006-02-27,15.455,15.727,15.455,15.691,3328127.0
2006-02-28,15.56,15.634,15.455,15.617,4664127.0
2006-03-01,15.55,15.91,15.55,15.852,5365905.0
2006-03-02,15.817,15.843,15.653,15.681,4123454.0
2006-03-03,15.617,15.843,15.597,15.825,2986479.0
2006-03-06,15.77,15.77,15.54,15.617,2707869.0
2006-03-07,15.617,15.92,15.617,15.833,3631761.0
2006-03-08,15.825,15.89,15.626,15.833,3938610.0
2006-03-09,15.825,15.988,15.817,15.852,2923643.0
2006-03-10,15.91,16.063,15.852,15.949,3548626.0
2006-03-13,15.93,16.015,15.843,15.959,3846137.0
2006-03-14,15.91,16.295,15.91,16.266,4515048.0
2006-03-15,16.246,16.313,16.106,16.295,4562415.0
2006-03-16,16.295,16.453,16.164,16.256,3443803.0
2006-03-17,16.305,16.48,16.164,16.384,4695487.0
2006-03-20,16.229,16.545,16.2,16.498,4208515.0
2006-03-21,16.433,16.667,16.375,16.394,5266985.0
2006-03-22,16.375,16.545,16.321,16.545,3784380.0
2006-03-23,16.498,16.516,16.295,16.404,3223409.0
2006-03-24,16.359,16.526,16.359,16.433,2106083.0
2006-03-27,16.359,16.462,16.238,16.266,2377389.0
2006-03-28,16.266,16.48,16.2,16.331,3811768.0
2006-03-29,16.305,16.731,16.21,16.731,5522285.0
2006-03-30,16.731,16.759,16.536,16.581,4921574.0
2006-03-31,16.629,16.85,16.591,16.751,4446738.0
2006-04-03,16.751,16.946,16.61,16.714,5548492.0
2006-04-04,16.714,16.759,16.619,16.686,2473835.0
2006-04-05,16.686,16.788,16.61,16.731,5082141.0
2006-04-06,16.731,16.751,16.471,16.48,4071469.0
2006-04-07,16.571,16.619,16.413,16.471,3577624.0
2006-04-10,16.433,16.471,16.256,16.285,3604266.0
2006-04-11,16.238,16.276,15.979,16.081,4252877.0
2006-04-12,16.044,16.423,16.044,16.313,3327914.0
2006-04-13,16.256,16.526,16.256,16.453,2626777.0
2006-04-17,16.384,16.404,15.408,15.788,5618622.0
2006-04-18,15.335,16.526,15.335,16.276,7198539.0
2006-04-19,16.2,16.368,16.015,16.164,5693163.0
2006-04-20,16.145,16.2,15.325,15.343,6827241.0
2006-04-21,15.371,15.437,14.805,14.896,8097189.0
2006-04-24,14.896,15.482,14.85,15.437,6498369.0
2006-04-25,15.408,15.417,15.083,15.122,6165312.0
2006-04-26,15.177,15.232,14.999,15.093,4353947.0
2006-04-27,15.054,15.408,15.018,15.288,5361180.0
2006-04-28,15.306,15.315,14.961,15.103,4057293.0
2006-05-01,15.142,15.325,14.941,15.278,4512042.0
2006-05-02,15.447,15.56,15.215,15.278,4369840.0
2006-05-03,15.315,15.398,15.268,15.371,2875205.0
2006-05-04,15.437,15.755,15.427,15.701,3104513.0
2006-05-05,15.736,15.736,15.362,15.463,3673754.0
2006-05-08,15.588,15.653,15.205,15.215,3154240.0
2006-05-09,15.25,15.463,15.232,15.417,2437317.0
2006-05-10,15.241,15.343,15.223,15.306,2529044.0
2006-05-11,15.306,15.306,15.054,15.113,2726452.0
2006-05-12,15.046,15.232,14.934,14.941,3272279.0
2006-05-15,15.038,15.16,14.98,15.142,3210412.0
2006-05-16,15.169,15.215,15.028,15.054,4650700.0
2006-05-17,14.941,15.046,14.495,14.505,4001551.0
2006-05-18,14.524,14.99,14.505,14.505,3551852.0
2006-05-19,14.58,14.695,14.505,14.542,2514864.0
2006-05-22,14.562,14.786,14.533,14.571,2973479.0
2006-05-23,14.552,14.6,14.321,14.331,2653095.0
2006-05-24,14.338,14.533,14.227,14.486,3715641.0
2006-05-25,14.421,14.648,14.421,14.533,2881112.0
2006-05-26,14.58,14.695,14.542,14.667,1813301.0
2006-05-30,14.477,14.619,14.374,14.562,3417485.0
2006-05-31,14.619,14.99,14.61,14.99,3933886.0
2006-06-01,15.028,15.064,14.738,14.805,6833582.0
2006-06-02,14.777,14.786,14.439,14.72,2915160.0
2006-06-05,14.703,14.85,14.542,14.638,2072899.0
2006-06-06,14.695,14.822,14.429,14.638,3123846.0
2006-06-07,14.6,14.914,14.6,14.695,3451962.0
2006-06-08,14.712,14.796,14.542,14.59,4900310.0
2006-06-09,14.449,14.796,14.429,14.562,3631543.0
2006-06-12,14.505,14.562,14.163,14.209,2807536.0
2006-06-13,14.292,14.439,14.126,14.136,4027863.0
2006-06-14,14.068,14.524,14.058,14.429,2981535.0
2006-06-15,14.552,15.113,14.495,15.028,4602262.0
2006-06-16,14.924,15.268,14.914,15.177,4677123.0
2006-06-19,15.169,15.352,15.103,15.177,2754484.0
2006-06-20,15.064,15.215,15.054,15.177,3444876.0
2006-06-21,15.132,15.417,15.113,15.296,2730533.0
2006-06-22,15.223,15.389,15.113,15.315,2417233.0
2006-06-23,15.25,15.362,15.132,15.306,2126492.0
2006-06-26,15.232,15.362,15.113,15.335,2139809.0
2006-06-27,15.232,15.315,14.99,15.054,2297157.0
2006-06-28,15.038,15.15,14.686,14.859,3408356.0
2006-06-29,14.887,15.064,14.859,15.046,4041936.0
2006-06-30,14.99,15.306,14.951,15.241,3083461.0
2006-07-03,15.278,15.362,15.232,15.335,1178113.0
2006-07-05,15.288,15.617,15.288,15.455,3769021.0
2006-07-06,15.511,15.843,15.473,15.763,6020854.0
2006-07-07,15.607,15.825,15.463,15.808,3160258.0
2006-07-10,15.817,16.321,15.778,16.173,6262190.0
2006-07-11,15.92,15.949,15.463,15.808,4295305.0
2006-07-12,15.872,15.93,15.701,15.798,2786168.0
2006-07-13,15.736,15.755,15.142,15.223,3296658.0
2006-07-14,15.028,15.15,14.748,14.934,4088010.0
2006-07-17,14.934,15.103,14.61,14.757,5754493.0
2006-07-18,14.757,14.934,14.58,14.841,4386487.0
2006-07-19,15.653,16.276,15.643,16.054,10746304.0
2006-07-20,15.746,16.173,15.736,16.071,9316974.0
2006-07-21,16.081,16.097,15.852,15.959,6277117.0
2006-07-24,16.025,16.404,16.025,16.238,4140423.0
2006-07-25,16.097,16.629,15.872,16.545,5894330.0
2006-07-26,16.48,16.714,16.413,16.619,6179378.0
2006-07-27,16.667,16.936,16.638,16.898,12494092.0
2006-07-28,16.779,16.946,16.591,16.898,5143361.0
2006-07-31,16.571,16.833,16.526,16.751,4725883.0
2006-08-01,16.741,16.759,16.106,16.331,3934319.0
2006-08-02,16.238,16.571,16.238,16.433,5551068.0
2006-08-03,16.526,16.769,16.359,16.722,5160655.0
2006-08-04,16.601,16.84,16.489,16.731,3962669.0
2006-08-07,16.741,16.741,16.394,16.471,3583856.0
2006-08-08,16.453,16.471,16.154,16.2,4630295.0
2006-08-09,15.71,15.9,15.473,15.736,6400098.0
2006-08-10,15.455,15.959,15.437,15.77,6159296.0
2006-08-11,15.643,15.643,14.98,15.186,6438763.0
2006-08-14,15.362,15.681,15.259,15.306,4711062.0
2006-08-15,15.92,16.015,15.788,15.817,4716755.0
2006-08-16,15.969,16.61,15.92,16.536,5151845.0
2006-08-17,16.266,16.571,16.126,16.246,4924580.0
2006-08-18,16.246,16.341,16.044,16.081,3548415.0
2006-08-21,15.988,16.106,15.736,16.035,2714954.0
2006-08-22,16.063,16.266,15.979,16.097,3080559.0
2006-08-23,16.145,16.276,15.296,16.063,2747501.0
2006-08-24,16.015,16.246,15.92,15.969,1954536.0
2006-08-25,15.882,15.988,15.634,15.778,3900912.0
2006-08-28,15.825,16.295,15.825,16.097,4851112.0
2006-08-29,16.106,16.368,16.106,16.2,3901131.0
2006-08-30,16.21,16.238,16.106,16.164,3365288.0
2006-08-31,16.164,16.246,15.998,16.126,4933389.0
2006-09-01,16.229,16.246,15.91,16.035,3325658.0
2006-09-05,16.2,16.305,16.025,16.145,6111609.0
2006-09-06,16.154,16.246,15.662,15.719,7996764.0
2006-09-07,15.626,15.662,15.132,15.268,8676095.0
2006-09-08,15.362,15.427,15.215,15.343,6564532.0
2006-09-11,15.362,15.362,15.113,15.196,7425912.0
2006-09-12,15.196,15.788,15.177,15.71,8387392.0
2006-09-13,15.798,15.862,15.473,15.55,7309805.0
2006-09-14,15.501,15.662,15.491,15.54,5117050.0
2006-09-15,15.53,15.727,15.306,15.371,12713410.0
2006-09-18,15.662,15.808,15.335,15.352,8083765.0
2006-09-19,15.352,15.662,15.215,15.56,6194309.0
2006-09-20,15.569,15.691,15.379,15.617,6407612.0
2006-09-21,15.681,15.719,15.259,15.259,3574513.0
2006-09-22,15.268,15.511,15.205,15.288,2245926.0
2006-09-25,15.398,15.578,15.259,15.447,3980607.0
2006-09-26,15.447,15.71,15.362,15.691,3439610.0
2006-09-27,15.56,15.617,15.408,15.482,4484762.0
2006-09-28,15.597,15.691,15.473,15.491,5115865.0
2006-09-29,15.491,15.617,15.362,15.511,3203648.0
2006-10-02,15.617,15.817,15.491,15.701,4384018.0
2006-10-03,15.736,15.852,15.672,15.691,4633299.0
2006-10-04,15.691,15.843,15.569,15.634,5144972.0
2006-10-05,15.578,15.643,15.362,15.617,7021750.0
2006-10-06,15.626,15.736,15.482,15.597,2756741.0
2006-10-09,15.597,15.701,15.455,15.607,5397803.0
2006-10-10,15.607,15.607,15.296,15.325,3976951.0
2006-10-11,15.268,15.437,15.15,15.362,5439797.0
2006-10-12,15.437,15.71,15.352,15.626,3547017.0
2006-10-13,15.607,15.643,15.223,15.306,4031088.0
2006-10-16,15.306,15.54,15.232,15.427,3500942.0
2006-10-17,15.259,15.362,15.177,15.223,3954293.0
2006-10-18,15.296,15.408,15.223,15.398,4662299.0
2006-10-19,15.241,15.241,14.805,14.914,8555481.0
2006-10-20,14.961,14.961,14.61,14.686,15378965.0
2006-10-23,14.686,14.805,14.392,14.562,9135998.0
2006-10-24,14.657,14.695,14.365,14.477,10355676.0
2006-10-25,14.477,14.524,14.107,14.199,7666605.0
2006-10-26,14.209,14.552,14.209,14.459,9106785.0
2006-10-27,14.383,14.429,14.199,14.219,6006138.0
2006-10-30,14.235,14.302,13.967,14.05,10759728.0
2006-10-31,14.136,14.163,13.91,13.994,10709143.0
2006-11-01,13.985,14.098,13.873,13.901,9319769.0
2006-11-02,13.91,13.967,13.64,13.733,9730262.0
2006-11-03,13.705,13.806,13.605,13.614,9009043.0
2006-11-06,13.677,13.985,13.659,13.91,10572849.0
2006-11-07,14.292,14.459,14.245,14.282,12311182.0
2006-11-08,14.219,14.292,13.928,14.245,8376008.0
2006-11-09,14.321,14.321,13.873,13.92,7439660.0
2006-11-10,13.967,14.272,13.967,14.171,8139181.0
2006-11-13,14.155,14.439,14.098,14.383,7970342.0
2006-11-14,14.392,14.524,14.136,14.19,11170554.0
2006-11-15,14.748,14.904,14.571,14.841,18364366.0
2006-11-16,14.805,14.98,14.429,14.859,14600284.0
2006-11-17,14.914,14.97,14.58,14.738,8625399.0
2006-11-20,14.738,14.85,14.59,14.628,7441808.0
2006-11-21,14.619,14.786,14.6,14.728,10559101.0
2006-11-22,14.822,14.941,14.728,14.896,5732152.0
2006-11-24,14.869,15.205,14.767,15.132,4683457.0
2006-11-27,14.961,15.186,14.677,14.72,11163787.0
2006-11-28,14.677,14.786,14.552,14.695,8523474.0
2006-11-29,14.757,14.796,14.571,14.667,8272902.0
2006-11-30,14.6,14.72,14.524,14.628,6347036.0
2006-12-01,14.524,14.738,14.338,14.383,6486770.0
2006-12-04,14.477,14.628,14.439,14.619,6081964.0
2006-12-05,14.524,14.738,14.449,14.552,5848147.0
2006-12-06,14.757,14.757,14.401,14.439,5495003.0
2006-12-07,14.648,14.657,14.292,14.302,6715649.0
2006-12-08,14.272,14.524,14.155,14.524,6951080.0
2006-12-11,14.805,14.841,14.628,14.767,7283494.0
2006-12-12,14.677,14.72,14.401,14.439,10153114.0
2006-12-13,14.757,14.904,14.677,14.841,9063929.0
2006-12-14,14.757,14.805,14.477,14.667,10142479.0
2006-12-15,14.712,14.924,14.667,14.796,8939125.0
2006-12-18,14.859,14.914,14.695,14.728,5094492.0
2006-12-19,14.728,14.85,14.552,14.757,6142539.0
2006-12-20,14.677,14.703,14.374,14.392,9332009.0
2006-12-21,14.459,14.542,14.199,14.272,5956516.0
2006-12-22,14.209,14.282,14.155,14.219,3284630.0
2006-12-26,14.19,14.292,14.136,14.235,3554965.0
2006-12-27,14.338,14.439,14.292,14.439,3723913.0
2006-12-28,14.468,14.552,14.338,14.439,4053965.0
2006-12-29,14.401,14.429,14.245,14.264,3843774.0
2007-01-03,14.392,14.695,14.292,14.449,7523006.0
2007-01-04,14.429,14.757,14.356,14.677,8129087.0
2007-01-05,14.712,14.757,14.356,14.429,5267199.0
2007-01-08,14.411,14.712,14.282,14.695,6720055.0
2007-01-09,14.796,14.877,14.619,14.72,7580891.0
2007-01-10,14.896,14.941,14.712,14.941,10046144.0
2007-01-11,14.904,15.038,14.896,15.038,12236968.0
2007-01-12,15.018,15.16,14.904,15.103,11254435.0
2007-01-16,15.16,15.437,15.103,15.427,12485496.0
2007-01-17,15.028,15.177,14.757,14.805,18034092.0
2007-01-18,14.859,15.064,14.728,14.748,8735704.0
2007-01-19,14.757,14.841,14.6,14.815,5977675.0
2007-01-22,14.805,14.822,14.302,14.439,9768286.0
2007-01-23,14.282,14.356,14.199,14.311,13912899.0
2007-01-24,14.272,14.311,14.199,14.235,9876872.0
2007-01-25,14.209,14.282,14.058,14.088,6692557.0
2007-01-26,14.032,14.078,13.92,14.04,13524095.0
2007-01-29,13.967,14.245,13.967,14.098,9787297.0
2007-01-30,14.088,14.155,13.976,14.098,8660521.0
2007-01-31,13.994,14.126,13.928,14.058,8307589.0
2007-02-01,14.078,14.321,13.967,14.292,10534182.0
2007-02-02,14.331,14.401,14.18,14.209,6330820.0
2007-02-05,14.219,14.264,13.985,13.994,7825563.0
2007-02-06,13.994,14.199,13.976,14.163,7538361.0
2007-02-07,14.146,14.155,13.994,14.088,7459533.0
2007-02-08,14.098,14.245,14.05,14.117,7341492.0
2007-02-09,14.155,14.302,14.098,14.107,7258792.0
2007-02-12,14.562,14.757,14.411,14.686,11886749.0
2007-02-13,14.777,14.85,14.542,14.712,11290650.0
2007-02-14,14.767,15.028,14.677,14.98,7476055.0
2007-02-15,14.85,14.941,14.628,14.677,9573133.0
2007-02-16,14.703,14.822,14.571,14.619,7957775.0
2007-02-20,14.667,14.695,14.515,14.562,7004136.0
2007-02-21,14.515,14.619,14.477,14.533,5289864.0
2007-02-22,14.638,14.703,14.505,14.533,4445664.0
2007-02-23,14.533,14.533,14.292,14.338,5826236.0
2007-02-26,14.338,14.421,14.245,14.292,6058223.0
2007-02-27,14.171,14.227,14.002,14.058,10522368.0
2007-02-28,14.058,14.146,14.002,14.078,13303706.0
2007-03-01,14.012,14.311,13.91,14.282,13611884.0
2007-03-02,14.429,14.515,14.107,14.155,8158189.0
2007-03-05,13.994,14.227,13.994,14.05,7361625.0
2007-03-06,14.117,14.163,13.891,14.012,13170735.0
2007-03-07,14.068,14.078,13.92,13.92,8403019.0
2007-03-08,13.985,14.155,13.967,14.107,7595077.0
2007-03-09,14.126,14.19,14.012,14.032,5574481.0
2007-03-12,14.012,14.107,13.985,14.022,3892103.0
2007-03-13,14.012,14.012,13.75,13.76,10239145.0
2007-03-14,13.891,13.92,13.558,13.854,14273238.0
2007-03-15,13.854,13.91,13.797,13.873,4255025.0
2007-03-16,14.012,14.107,13.901,13.967,8216943.0
2007-03-19,14.012,14.012,13.92,13.967,4724918.0
2007-03-20,13.928,14.117,13.92,14.078,5927627.0
2007-03-21,14.078,14.219,13.985,14.209,4791294.0
2007-03-22,14.05,14.209,13.92,13.948,6312455.0
2007-03-23,13.928,14.058,13.928,13.967,6925839.0
2007-03-26,13.928,13.976,13.806,13.854,5631835.0
2007-03-27,13.824,13.92,13.787,13.834,5986449.0
2007-03-28,13.824,13.824,13.649,13.677,11066073.0
2007-03-29,13.724,13.724,13.5,13.623,6255090.0
2007-03-30,13.64,13.733,13.605,13.686,13053665.0
2007-04-02,13.686,13.769,13.677,13.733,5257808.0
2007-04-03,13.824,14.04,13.778,14.04,8046297.0
2007-04-04,14.078,14.235,14.04,14.058,7248434.0
2007-04-05,13.967,14.088,13.957,14.04,4653806.0
2007-04-09,14.032,14.107,13.976,14.088,3231187.0
2007-04-10,14.058,14.107,13.967,13.976,4236013.0
2007-04-11,13.976,14.235,13.967,14.19,8994644.0
2007-04-12,14.107,14.199,14.05,14.155,7349694.0
2007-04-13,14.058,14.155,14.022,14.117,4995738.0
2007-04-16,14.098,14.282,14.078,14.235,5670636.0
2007-04-17,14.227,14.347,14.107,14.155,6511686.0
2007-04-18,14.245,14.805,14.171,14.58,16015643.0
2007-04-19,14.429,14.677,14.022,14.311,21397532.0
2007-04-20,14.311,14.347,13.834,13.938,25213286.0
2007-04-23,13.976,13.976,13.733,13.741,16516853.0
2007-04-24,13.881,13.92,13.354,13.529,24046886.0
2007-04-25,13.529,13.623,13.464,13.549,14191925.0
2007-04-26,13.596,13.778,13.474,13.509,13635281.0
2007-04-27,13.482,13.529,13.297,13.306,13077402.0
2007-04-30,13.325,13.529,13.229,13.364,13467780.0
2007-05-01,13.334,13.344,13.174,13.277,13308244.0
2007-05-02,13.258,13.64,13.164,13.558,15295340.0
2007-05-03,13.558,13.659,13.364,13.509,10606737.0
2007-05-04,13.586,13.686,13.529,13.669,9161689.0
2007-05-07,13.695,13.797,13.695,13.733,6682910.0
2007-05-08,13.686,13.705,13.509,13.677,6996455.0
2007-05-09,13.549,13.695,13.38,13.539,8252586.0
2007-05-10,13.5,13.5,13.297,13.334,7653685.0
2007-05-11,13.344,13.454,13.287,13.325,5646055.0
2007-05-14,13.315,13.364,13.229,13.364,8663704.0
2007-05-15,13.334,13.491,13.229,13.239,7517636.0
2007-05-16,13.287,13.454,13.277,13.425,8019640.0
2007-05-17,13.435,13.558,13.315,13.371,12585273.0
2007-05-18,13.406,13.539,13.371,13.509,7743692.0
2007-05-21,13.444,13.509,13.334,13.396,5070279.0
2007-05-22,13.406,13.567,13.306,13.509,9120745.0
2007-05-23,13.567,13.64,13.454,13.491,6087935.0
2007-05-24,13.482,13.586,13.389,13.474,5235405.0
2007-05-25,13.482,13.5,13.406,13.474,4218994.0
2007-05-29,13.415,13.415,13.221,13.268,11229757.0
2007-05-30,13.258,13.396,13.239,13.364,6862793.0
2007-05-31,13.364,13.406,13.287,13.325,5912804.0
2007-06-01,13.389,13.406,13.221,13.277,7142044.0
2007-06-04,13.249,13.364,13.229,13.287,8111139.0
2007-06-05,13.229,13.297,13.203,13.213,7687194.0
2007-06-06,13.213,13.258,13.06,13.239,8596599.0
2007-06-07,13.183,13.239,13.127,13.154,7951438.0
2007-06-08,13.249,13.529,13.203,13.509,11198714.0
2007-06-11,13.464,13.596,13.371,13.529,8373752.0
2007-06-12,13.396,13.586,13.38,13.474,7481653.0
2007-06-13,13.464,13.474,13.174,13.364,9500315.0
2007-06-14,13.268,13.705,13.268,13.64,9710204.0
2007-06-15,13.64,13.686,13.5,13.539,9500951.0
2007-06-18,13.558,13.605,13.454,13.509,12829735.0
2007-06-19,13.435,13.787,13.425,13.686,9429530.0
2007-06-20,13.695,13.92,13.686,13.854,11264315.0
2007-06-21,13.824,13.92,13.64,13.854,8556016.0
2007-06-22,13.816,14.058,13.724,14.012,10904674.0
2007-06-25,14.022,14.107,13.928,13.967,9818690.0
2007-06-26,13.976,13.994,13.623,13.631,9378042.0
2007-06-27,13.631,13.854,13.539,13.806,10490967.0
2007-06-28,13.891,13.994,13.769,13.901,14588146.0
2007-06-29,13.901,13.967,13.75,13.881,6617913.0
2007-07-02,13.816,13.957,13.816,13.91,7664201.0
2007-07-03,13.938,14.107,13.92,14.078,4982122.0
2007-07-05,13.967,14.347,13.967,14.321,11548260.0
2007-07-06,14.321,14.505,14.199,14.477,11344300.0
2007-07-09,14.468,14.524,14.264,14.477,9606785.0
2007-07-10,14.292,14.459,14.264,14.282,7798031.0
2007-07-11,14.272,14.505,14.245,14.477,7813853.0
2007-07-12,14.439,14.515,14.347,14.429,8643226.0
2007-07-13,14.365,14.515,14.302,14.429,5976496.0
2007-07-16,14.392,14.6,14.392,14.552,6783139.0
2007-07-17,14.505,14.657,14.365,14.515,10256964.0
2007-07-18,14.429,14.686,14.383,14.638,14372093.0
2007-07-19,14.712,15.352,14.712,15.268,19182319.0
2007-07-20,14.98,15.259,14.98,15.223,13039914.0
2007-07-23,15.15,15.362,15.132,15.288,8139948.0
2007-07-24,15.288,15.427,15.142,15.169,8131263.0
2007-07-25,15.169,15.232,15.028,15.169,10154060.0
2007-07-26,14.877,14.951,14.255,14.571,16026567.0
2007-07-27,14.533,14.728,14.401,14.58,10440299.0
2007-07-30,14.667,14.99,14.515,14.896,11233489.0
2007-07-31,14.869,14.961,14.58,14.58,12404417.0
2007-08-01,14.505,14.72,14.477,14.686,6472417.0
2007-08-02,14.477,14.924,14.477,14.805,9611216.0
2007-08-03,14.805,14.841,14.524,14.524,12051553.0
2007-08-06,14.619,14.677,14.255,14.677,12027461.0
2007-08-07,14.677,14.914,14.421,14.85,10713641.0
2007-08-08,14.841,15.501,14.728,15.455,10171700.0
2007-08-09,14.841,15.788,14.571,15.455,17923633.0
2007-08-10,15.177,15.501,14.904,15.073,14570948.0
2007-08-13,15.046,15.259,14.667,14.85,7901495.0
2007-08-14,14.887,14.914,14.552,14.686,8034711.0
2007-08-15,14.748,14.887,14.107,14.146,8136119.0
2007-08-16,14.19,14.383,13.649,14.126,12355316.0
2007-08-17,14.04,14.468,13.854,14.002,12386686.0
2007-08-20,13.976,14.199,13.928,14.058,4406357.0
2007-08-21,14.068,14.421,14.068,14.227,5263759.0
2007-08-22,14.302,14.477,14.227,14.421,4640713.0
2007-08-23,14.524,14.524,14.107,14.227,4385736.0
2007-08-24,14.282,14.449,14.227,14.449,2776501.0
2007-08-27,14.411,14.421,14.146,14.18,4101631.0
2007-08-28,14.209,14.255,13.957,13.967,4658433.0
2007-08-29,14.04,14.264,13.976,14.235,3123523.0
2007-08-30,14.117,14.292,13.91,14.058,4563061.0
2007-08-31,14.117,14.163,13.948,14.068,3355622.0
2007-09-04,14.068,14.338,13.994,14.245,3687039.0
2007-09-05,14.171,14.311,14.032,14.05,4060191.0
2007-09-06,14.05,14.18,13.92,14.107,2745356.0
2007-09-07,13.967,14.002,13.75,13.797,4678732.0
2007-09-10,13.948,13.976,13.631,13.649,5037248.0
2007-09-11,13.686,13.881,13.614,13.863,3017195.0
2007-09-12,13.787,13.834,13.454,13.474,6630690.0
2007-09-13,13.509,13.586,13.334,13.415,6905109.0
2007-09-14,13.38,13.454,13.229,13.277,9499242.0
2007-09-17,13.315,13.985,13.287,13.605,11838819.0
2007-09-18,13.614,14.04,13.539,14.032,6591493.0
2007-09-19,14.05,14.199,13.994,14.088,7802254.0
2007-09-20,14.155,14.347,14.05,14.068,7641037.0
2007-09-21,14.199,14.338,14.068,14.282,10723963.0
2007-09-24,14.235,14.272,13.92,13.957,5912481.0
2007-09-25,13.92,13.948,13.705,13.787,9182503.0
2007-09-26,13.76,14.012,13.76,13.873,4526111.0
2007-09-27,13.881,13.976,13.677,13.733,5014159.0
2007-09-28,13.669,13.854,13.64,13.778,4639854.0
2007-10-01,13.64,13.863,13.549,13.769,5570936.0
2007-10-02,13.695,13.985,13.677,13.92,4509052.0
2007-10-03,13.92,14.002,13.733,13.797,4604194.0
2007-10-04,13.741,13.891,13.695,13.733,3604478.0
2007-10-05,13.854,14.012,13.834,13.891,4267770.0
2007-10-08,13.863,13.976,13.778,13.92,3073259.0
2007-10-09,13.92,14.022,13.873,13.928,3681812.0
2007-10-10,13.967,14.012,13.778,13.891,2540856.0
2007-10-11,13.863,13.994,13.576,13.669,4761559.0
2007-10-12,13.586,13.769,13.549,13.659,3747956.0
2007-10-15,13.596,13.631,13.5,13.567,3591804.0
2007-10-16,13.567,13.677,13.482,13.509,5037462.0
2007-10-17,13.539,13.631,13.371,13.558,5104914.0
2007-10-18,13.733,13.733,13.239,13.344,8437979.0
2007-10-19,13.277,13.344,12.987,12.997,8449262.0
2007-10-22,13.005,13.249,12.943,13.06,6489455.0
2007-10-23,13.06,13.315,13.06,13.239,4840483.0
2007-10-24,13.203,13.277,12.869,13.108,5438506.0
2007-10-25,13.098,13.127,12.754,12.869,4788924.0
2007-10-26,12.916,12.997,12.793,12.935,5283737.0
2007-10-29,12.987,12.997,12.754,12.889,4619875.0
2007-10-30,12.899,13.221,12.899,13.033,5135843.0
2007-10-31,13.127,13.258,12.952,13.229,6450145.0
2007-11-01,13.052,13.164,12.803,12.822,4807266.0
2007-11-02,12.908,13.127,12.85,13.005,5703045.0
2007-11-05,12.943,13.033,12.803,12.935,3763595.0
2007-11-06,12.925,13.014,12.568,12.692,6370992.0
2007-11-07,12.568,12.682,12.356,12.356,6457747.0
2007-11-08,12.365,12.42,12.002,12.338,7781590.0
2007-11-09,12.197,12.485,12.132,12.318,8159400.0
2007-11-12,12.328,13.444,12.328,13.371,16025831.0
2007-11-13,13.435,13.75,13.277,13.519,11712918.0
2007-11-14,13.576,13.778,13.229,13.389,6379490.0
2007-11-15,13.306,13.435,13.098,13.164,4569002.0
2007-11-16,13.229,13.287,12.889,13.024,6041997.0
2007-11-19,12.916,13.024,12.532,12.541,5854954.0
2007-11-20,12.532,12.7,12.039,12.356,9377546.0
2007-11-21,12.282,12.654,12.085,12.568,7107490.0
2007-11-23,12.614,12.85,12.614,12.784,2328089.0
2007-11-26,12.813,12.869,12.42,12.457,4866519.0
2007-11-27,12.624,12.719,12.244,12.492,5713889.0
2007-11-28,12.596,12.908,12.401,12.869,4588266.0
2007-11-29,12.803,12.841,12.392,12.522,5985602.0
2007-11-30,12.664,13.193,12.605,13.174,10117566.0
2007-12-03,13.07,13.213,12.764,12.793,4872571.0
2007-12-04,12.744,12.97,12.541,12.85,5683319.0
2007-12-05,12.943,12.952,12.644,12.784,4609798.0
2007-12-06,12.754,13.014,12.682,12.997,4047526.0
2007-12-07,12.997,13.444,12.997,13.297,6087220.0
2007-12-10,13.306,13.306,13.079,13.239,3914410.0
2007-12-11,13.229,13.229,12.654,12.664,4880361.0
2007-12-12,12.925,13.07,12.188,12.401,10124556.0
2007-12-13,12.318,12.744,12.197,12.466,8050969.0
2007-12-14,12.318,12.502,12.253,12.328,5128573.0
2007-12-17,12.253,12.356,11.916,11.944,5554627.0
2007-12-18,12.059,12.059,11.761,11.944,5560974.0
2007-12-19,11.926,12.132,11.78,12.068,5086298.0
2007-12-20,12.132,12.207,11.788,11.954,4709624.0
2007-12-21,12.068,12.112,11.323,11.674,9975326.0
2007-12-24,11.647,11.983,11.647,11.973,3097103.0
2007-12-26,11.916,11.916,11.638,11.751,3109744.0
2007-12-27,11.647,11.817,11.506,11.516,4509978.0
2007-12-28,11.544,11.666,11.303,11.389,4141654.0
2007-12-31,11.333,11.506,11.285,11.363,4431699.0
2008-01-02,11.343,11.454,10.952,10.988,7384601.0
2008-01-03,11.043,11.169,10.727,10.801,8561731.0
2008-01-04,10.708,10.783,10.521,10.632,8429465.0
2008-01-07,10.708,11.06,10.699,11.051,9262351.0
2008-01-08,11.088,11.088,10.502,10.53,9334578.0
2008-01-09,10.623,10.669,10.259,10.493,12757043.0
2008-01-10,10.53,11.399,10.382,11.313,16345110.0
2008-01-11,11.228,11.363,10.699,10.893,16435374.0
2008-01-14,10.961,11.06,10.801,11.005,8694127.0
2008-01-15,10.874,11.353,10.828,11.275,15443149.0
2008-01-16,11.198,11.408,11.015,11.246,9521211.0
2008-01-17,11.266,11.506,11.015,11.098,10582906.0
2008-01-18,11.152,11.399,10.996,11.237,9991403.0
2008-01-22,10.708,11.188,10.708,11.152,9819381.0
2008-01-23,11.237,11.888,10.783,11.88,13853100.0
2008-01-24,11.834,11.834,11.078,11.123,11660410.0
2008-01-25,11.208,11.313,11.069,11.178,10559254.0
2008-01-28,11.169,11.353,10.988,11.333,8980280.0
2008-01-29,11.381,11.436,11.178,11.266,7833615.0
2008-01-30,11.237,11.372,10.996,11.06,11635050.0
2008-01-31,11.133,11.133,10.893,10.913,18456231.0
2008-02-01,10.943,11.363,10.82,11.343,15864611.0
2008-02-04,11.408,11.57,10.988,11.088,8203944.0
2008-02-05,11.133,11.169,10.903,10.903,11268667.0
2008-02-06,10.996,11.381,10.996,11.133,8888607.0
2008-02-07,11.218,12.039,11.169,12.011,20366866.0
2008-02-08,11.973,11.973,11.732,11.916,11077193.0
2008-02-11,11.888,11.963,11.694,11.926,5284142.0
2008-02-12,11.973,12.104,11.78,11.88,4788482.0
2008-02-13,11.944,12.197,11.926,12.178,7865647.0
2008-02-14,12.16,12.197,11.751,11.771,7640644.0
2008-02-15,11.771,12.104,11.771,11.78,9366119.0
2008-02-19,11.888,11.944,11.58,11.618,12341853.0
2008-02-20,11.552,11.983,11.48,11.907,5886351.0
2008-02-21,11.963,12.132,11.684,11.761,5219055.0
2008-02-22,11.825,12.002,11.666,11.983,5531230.0
2008-02-25,12.011,12.094,11.771,12.076,4746642.0
2008-02-26,12.076,12.188,11.916,12.059,4534210.0
2008-02-27,11.963,11.973,11.78,11.871,4599328.0
2008-02-28,11.907,11.963,11.656,11.684,5364501.0
2008-02-29,11.628,11.751,11.372,11.418,5926476.0
2008-03-03,11.381,11.454,11.228,11.389,5825348.0
2008-03-04,11.256,11.834,11.256,11.771,7638904.0
2008-03-05,11.446,12.112,11.446,12.094,9806232.0
2008-03-06,12.011,12.011,11.598,11.638,7185578.0
2008-03-07,11.526,11.871,11.285,11.353,6593748.0
2008-03-10,11.363,11.562,11.188,11.237,7156475.0
2008-03-11,11.473,11.544,11.208,11.544,6125841.0
2008-03-12,11.544,11.544,10.642,10.699,15857758.0
2008-03-13,10.438,11.005,10.352,10.893,10656196.0
2008-03-14,10.996,11.116,10.539,10.838,9298540.0
2008-03-17,10.603,10.923,10.512,10.773,9793119.0
2008-03-18,10.961,11.333,10.708,11.323,8452739.0
2008-03-19,11.275,11.48,10.952,10.952,9457191.0
2008-03-20,11.116,11.506,10.943,11.418,7239357.0
2008-03-24,11.446,11.506,11.266,11.343,6057840.0
2008-03-25,11.372,11.684,11.266,11.598,5692850.0
2008-03-26,11.516,11.638,10.952,10.988,7357939.0
2008-03-27,11.034,11.656,11.034,11.353,10979978.0
2008-03-28,11.389,11.526,11.034,11.198,11876987.0
2008-03-31,11.218,11.57,11.218,11.544,15527256.0
2008-04-01,11.656,11.888,11.589,11.871,16242574.0
2008-04-02,11.861,12.076,11.741,11.897,7904320.0
2008-04-03,11.807,11.861,11.544,11.834,10524987.0
2008-04-04,11.57,11.973,11.57,11.788,7057729.0
2008-04-07,11.751,11.871,11.638,11.843,4493765.0
2008-04-08,11.871,11.954,11.628,11.797,7153297.0
2008-04-09,11.825,11.897,11.506,11.638,7236213.0
2008-04-10,11.618,12.076,11.618,12.049,7045386.0
2008-04-11,11.973,12.049,11.713,11.78,8125027.0
2008-04-14,11.797,12.011,11.761,11.834,6027901.0
2008-04-15,11.944,12.049,11.228,11.497,10600676.0
2008-04-16,11.741,11.888,11.497,11.638,9734493.0
2008-04-17,11.516,11.963,11.408,11.741,7169359.0
2008-04-18,11.871,11.888,11.552,11.704,7842065.0
2008-04-21,11.666,11.732,11.353,11.454,7996179.0
2008-04-22,11.381,11.526,10.961,10.969,9716742.0
2008-04-23,11.381,11.464,10.943,11.333,10850115.0
2008-04-24,11.323,11.888,11.323,11.825,10092492.0
2008-04-25,11.861,11.973,11.598,11.853,6195312.0
2008-04-28,11.871,12.104,11.694,12.02,6701424.0
2008-04-29,12.112,12.437,12.049,12.42,8365752.0
2008-04-30,12.466,12.568,12.226,12.328,11143920.0
2008-05-01,12.282,12.654,12.234,12.551,10435584.0
2008-05-02,12.634,12.719,12.31,12.522,10856282.0
2008-05-05,12.207,12.624,12.104,12.475,6013718.0
2008-05-06,12.384,12.522,12.059,12.447,6345933.0
2008-05-07,12.429,12.541,12.263,12.282,5063015.0
2008-05-08,12.141,12.492,12.068,12.318,5495041.0
2008-05-09,12.16,12.197,11.963,12.094,7254385.0
2008-05-12,12.104,12.42,12.104,12.384,3986024.0
2008-05-13,12.356,12.447,12.068,12.216,6046744.0
2008-05-14,12.244,12.71,12.216,12.568,8374806.0
2008-05-15,12.551,12.568,12.356,12.522,8465392.0
2008-05-16,12.401,12.596,12.302,12.466,5124762.0
2008-05-19,12.466,12.614,12.272,12.31,5393327.0
2008-05-20,12.272,12.401,12.03,12.104,7701949.0
2008-05-21,12.112,12.169,11.506,11.57,13104599.0
2008-05-22,11.58,11.916,11.58,11.647,6667045.0
2008-05-23,11.58,11.656,11.372,11.418,6057477.0
2008-05-27,11.535,11.907,11.516,11.751,7663559.0
2008-05-28,12.002,12.068,11.684,11.871,6611162.0
2008-05-29,11.871,12.392,11.817,12.272,6506602.0
2008-05-30,12.374,12.374,12.059,12.16,6069564.0
2008-06-02,12.178,12.234,11.935,12.094,6478676.0
2008-06-03,12.112,12.869,12.112,12.587,17858056.0
2008-06-04,12.522,12.774,12.492,12.654,16728259.0
2008-06-05,12.754,13.75,12.754,13.229,16969525.0
2008-06-06,12.987,12.987,12.587,12.736,12913135.0
2008-06-09,12.754,13.268,12.736,13.213,10783255.0
2008-06-10,13.005,13.183,12.803,12.952,13329041.0
2008-06-11,12.908,13.079,12.568,12.568,7812362.0
2008-06-12,12.764,13.014,12.365,12.605,8913780.0
2008-06-13,12.634,13.325,12.634,13.315,9591800.0
2008-06-16,13.203,13.203,12.803,13.033,11348156.0
2008-06-17,13.127,13.5,13.118,13.315,11061137.0
2008-06-18,13.221,13.549,12.97,13.164,11189152.0
2008-06-19,13.221,13.863,13.174,13.778,13891961.0
2008-06-20,13.623,13.623,12.764,13.136,15183572.0
2008-06-23,13.213,13.389,12.889,12.935,15115878.0
2008-06-24,12.943,13.079,12.596,12.916,11117073.0
2008-06-25,12.889,13.415,12.889,13.108,8008907.0
2008-06-26,12.943,12.97,12.447,12.485,10893815.0
2008-06-27,12.577,12.577,12.216,12.411,10468303.0
2008-06-30,12.302,12.541,12.02,12.141,10952633.0
2008-07-01,12.02,12.207,11.834,12.094,10630982.0
2008-07-02,12.16,12.551,11.954,11.963,8290747.0
2008-07-03,12.085,12.392,11.807,12.151,5118506.0
2008-07-07,12.401,12.522,11.973,12.244,7622082.0
2008-07-08,12.302,13.033,12.302,12.987,9730704.0
2008-07-09,13.108,13.108,12.437,12.522,9685927.0
2008-07-10,12.457,12.908,12.272,12.485,9860386.0
2008-07-11,12.188,12.644,11.916,12.292,9346739.0
2008-07-14,12.466,12.774,12.384,12.682,9828409.0
2008-07-15,12.56,13.089,12.42,12.803,12292915.0
2008-07-16,12.85,13.631,12.532,13.614,10860950.0
2008-07-17,13.64,14.058,13.146,13.957,7907412.0
2008-07-18,13.967,14.282,13.509,14.107,10993002.0
2008-07-21,13.957,14.199,13.669,13.778,7337548.0
2008-07-22,13.891,14.657,13.873,14.61,20998716.0
2008-07-23,14.58,14.815,14.146,14.786,14223233.0
2008-07-24,14.815,14.859,13.834,13.873,16916416.0
2008-07-25,13.967,14.459,13.967,14.155,13691970.0
2008-07-28,14.136,14.477,13.938,13.985,12675951.0
2008-07-29,13.967,14.786,13.967,14.677,15194046.0
2008-07-30,14.712,14.896,14.272,14.542,16551342.0
2008-07-31,14.449,14.97,14.338,14.515,12860767.0
2008-08-01,14.562,14.896,14.282,14.72,9610634.0
2008-08-04,14.667,15.278,14.477,14.97,13706412.0
2008-08-05,15.073,15.352,14.822,15.335,16069354.0
2008-08-06,15.25,15.352,14.924,15.325,12622630.0
2008-08-07,14.896,15.132,14.05,14.117,17732118.0
2008-08-08,14.383,14.85,14.321,14.712,18554072.0
2008-08-11,14.712,14.757,14.04,14.219,18133423.0
2008-08-12,14.04,14.136,13.677,13.741,20243067.0
2008-08-13,13.64,13.881,13.567,13.695,15194752.0
2008-08-14,13.596,14.068,13.596,13.824,10717774.0
2008-08-15,13.76,14.619,13.76,14.562,13158917.0
2008-08-18,14.477,14.552,14.05,14.171,10273562.0
2008-08-19,14.421,14.459,13.91,13.967,11548700.0
2008-08-20,13.985,14.272,13.586,13.769,12584715.0
2008-08-21,13.623,14.098,13.5,13.844,10110098.0
2008-08-22,13.957,14.219,13.733,14.199,5820894.0
2008-08-25,14.136,14.155,13.733,13.787,7121792.0
2008-08-26,13.854,13.967,13.623,13.75,7571132.0
2008-08-27,13.741,14.219,13.623,14.012,8563565.0
2008-08-28,14.068,14.515,13.948,14.421,6436563.0
2008-08-29,14.321,14.365,14.078,14.18,7037402.0
2008-09-02,14.738,14.896,14.199,14.347,11362371.0
2008-09-03,14.311,14.887,14.311,14.638,11470304.0
2008-09-04,14.374,14.677,14.199,14.533,13689673.0
2008-09-05,14.449,14.728,14.302,14.657,10652886.0
2008-09-08,14.628,14.831,13.873,14.72,12709630.0
2008-09-09,14.638,14.896,14.459,14.524,12932794.0
2008-09-10,14.748,14.887,14.542,14.815,13880159.0
2008-09-11,14.657,15.103,14.524,15.083,13955762.0
2008-09-12,14.99,15.259,14.695,15.073,14295448.0
2008-09-15,14.667,15.315,14.667,14.941,14469235.0
2008-09-16,14.695,15.617,14.686,15.278,21338282.0
2008-09-17,15.073,15.196,14.356,14.533,19366293.0
2008-09-18,14.686,14.686,13.816,14.524,19297327.0
2008-09-19,14.841,15.103,14.429,14.6,11343499.0
2008-09-22,14.321,14.562,13.221,13.741,9999452.0
2008-09-23,13.797,14.657,13.797,14.18,15582295.0
2008-09-24,14.199,14.209,13.529,13.724,10985385.0
2008-09-25,13.824,14.199,13.733,13.928,8891146.0
2008-09-26,13.705,13.957,13.364,13.567,9989233.0
2008-09-29,13.576,13.985,13.052,13.164,13447435.0
2008-09-30,13.474,13.576,12.869,13.509,10168727.0
2008-10-01,13.396,13.549,13.098,13.221,11576338.0
2008-10-02,13.203,13.938,12.457,12.466,15700881.0
2008-10-03,12.7,12.831,12.365,12.512,12909562.0
2008-10-06,12.282,12.744,11.363,11.926,16342471.0
2008-10-07,12.122,12.356,11.372,11.372,13073453.0
2008-10-08,11.188,11.761,10.773,10.792,14497234.0
2008-10-09,11.256,11.454,10.848,10.943,18491011.0
2008-10-10,10.717,11.516,10.474,11.06,26220861.0
2008-10-13,11.353,12.568,11.285,11.647,20671923.0
2008-10-14,11.353,12.282,11.266,11.473,16400255.0
2008-10-15,11.638,11.825,10.735,10.764,13558756.0
2008-10-16,11.363,11.704,10.669,11.628,18932633.0
2008-10-17,11.372,11.684,11.198,11.353,14132775.0
2008-10-20,11.427,12.03,11.178,12.011,9641577.0
2008-10-21,11.797,12.085,11.399,11.807,7559908.0
2008-10-22,11.723,11.907,10.838,11.169,13398300.0
2008-10-23,11.188,11.464,10.578,11.043,15385051.0
2008-10-24,10.603,10.773,10.185,10.214,12089422.0
2008-10-27,10.194,10.512,9.925,9.925,9523550.0
2008-10-28,10.16,10.382,9.554,10.352,13229432.0
2008-10-29,10.085,10.465,9.981,10.094,10781449.0
2008-10-30,10.296,10.568,10.231,10.465,10499572.0
2008-10-31,10.613,11.295,10.343,10.969,11399167.0
2008-11-03,11.161,11.353,10.893,10.988,7383401.0
2008-11-04,11.161,11.218,10.558,11.218,13216167.0
2008-11-05,11.069,11.303,10.893,10.913,8208410.0
2008-11-06,10.848,11.034,10.286,10.326,9106766.0
2008-11-07,10.411,10.642,10.204,10.512,7651796.0
2008-11-10,10.649,10.745,10.185,10.336,5060097.0
2008-11-11,10.336,10.343,9.906,10.113,7766308.0
2008-11-12,9.973,10.094,8.9103,9.283,15084330.0
2008-11-13,9.545,9.953,9.0863,9.755,18216560.0
2008-11-14,9.638,9.887,9.283,9.4597,11742112.0
2008-11-17,9.4497,9.582,9.0764,9.2164,9391416.0
2008-11-18,9.2077,9.3382,8.8916,9.1435,10134020.0
2008-11-19,9.1341,9.2552,8.0444,8.0722,16046942.0
2008-11-20,8.0722,8.3141,7.1878,7.225,23638296.0
2008-11-21,7.4202,7.7188,7.1507,7.4111,25701969.0
2008-11-24,7.4111,7.9422,7.1971,7.7464,17174231.0
2008-11-25,7.8583,8.4261,7.7464,7.9139,16115072.0
2008-11-26,7.9328,7.9979,7.6438,7.8488,10313510.0
2008-11-28,8.0072,8.3052,7.7744,8.0536,5325897.0
2008-12-01,7.9139,7.9513,7.3648,7.3834,10974425.0
2008-12-02,7.5043,7.7744,7.2717,7.7558,11294038.0
2008-12-03,7.5976,7.8205,7.3272,7.7276,11244429.0
2008-12-04,7.6438,8.1562,7.5788,7.8488,10212886.0
2008-12-05,7.905,8.2305,7.4487,8.2215,9626754.0
2008-12-08,8.4732,8.4732,8.0628,8.2962,9613532.0
2008-12-09,8.2399,8.2962,7.672,7.6999,14061296.0
2008-12-10,7.7836,7.8583,7.225,7.3369,15729210.0
2008-12-11,7.402,7.402,6.6385,6.7779,17246153.0
2008-12-12,6.713,6.8808,6.5639,6.7968,14153610.0
2008-12-15,7.0387,7.1132,6.7688,7.0761,13713468.0
2008-12-16,7.1507,7.4857,7.132,7.4487,15302543.0
2008-12-17,7.4202,7.8115,7.3557,7.6999,11281573.0
2008-12-18,7.7094,7.8205,7.5137,7.6067,12154710.0
2008-12-19,7.9422,7.9422,7.4299,7.6255,12551358.0
2008-12-22,7.6627,7.7744,6.8433,7.3272,10302675.0
2008-12-23,7.4672,7.4857,7.132,7.253,8659473.0
2008-12-24,7.2717,7.6067,7.2717,7.5418,5330079.0
2008-12-26,7.5508,7.6345,7.3463,7.5231,4071386.0
2008-12-29,7.4577,7.5137,7.225,7.4951,8061976.0
2008-12-30,7.5231,7.8026,7.4487,7.8026,7034759.0
2008-12-31,7.8488,8.0722,7.7276,8.0258,7292585.0
2009-01-02,8.0164,8.4074,7.9139,8.3517,8533537.0
2009-01-05,8.2962,8.2962,7.9139,8.0816,8762919.0
2009-01-06,8.147,8.5657,8.091,8.5098,11559347.0
2009-01-07,8.4166,8.575,8.1933,8.3235,9913933.0
2009-01-08,8.3052,8.4074,8.1001,8.3701,8628017.0
2009-01-09,8.3235,8.3235,7.9232,7.97,8133187.0
2009-01-12,7.9609,8.091,7.8953,8.0258,11217935.0
2009-01-13,8.0072,8.1653,7.7464,7.7653,12590589.0
2009-01-14,7.6999,7.7744,7.3272,7.4395,12915875.0
2009-01-15,7.4395,7.905,7.2345,7.7094,14849892.0
2009-01-16,7.793,8.1377,7.6999,8.0164,10917769.0
2009-01-20,8.0444,8.1933,7.5508,7.5788,11830442.0
2009-01-21,7.6906,7.8395,7.281,7.8026,17512299.0
2009-01-22,8.2494,9.2644,7.9884,9.1341,27730639.0
2009-01-23,8.5937,8.5937,7.2437,7.2995,26271299.0
2009-01-26,7.588,7.588,7.2437,7.3369,14273389.0
2009-01-27,7.3928,7.4487,6.657,6.8247,20759906.0
2009-01-28,7.1692,7.1786,6.9271,7.132,15792618.0
2009-01-29,7.132,7.253,6.7037,6.7502,13501798.0
2009-01-30,6.7221,6.9362,6.4895,6.5457,14966059.0
2009-02-02,6.5919,6.5919,6.1543,6.2846,15103114.0
2009-02-03,6.4335,6.4335,6.1172,6.3499,14730133.0
2009-02-04,6.3777,6.4617,6.1079,6.1729,12736119.0
2009-02-05,6.1543,6.5269,6.0427,6.4149,19083359.0
2009-02-06,6.4802,6.89,6.4617,6.8247,13639232.0
2009-02-09,6.8711,6.8711,6.5269,6.6854,13186624.0
2009-02-10,6.6385,6.8247,6.6013,6.7037,19830257.0
2009-02-11,6.7221,6.8433,6.5549,6.7037,15279040.0
2009-02-12,6.713,6.8343,6.5269,6.8247,12606649.0
2009-02-13,6.8247,6.9645,6.6943,6.7875,10277660.0
2009-02-17,6.5639,6.6198,6.4524,6.4709,13642790.0
2009-02-18,6.5359,6.5639,6.1448,6.2288,15008007.0
2009-02-19,6.294,6.6103,6.1916,6.2198,13512014.0
2009-02-20,6.0241,6.1916,5.6795,6.0705,13479388.0
2009-02-23,6.1356,6.2662,5.9773,6.0054,10118098.0
2009-02-24,6.0614,6.1543,5.9122,6.1172,9500595.0
2009-02-25,6.0985,6.0985,5.4282,5.6513,20890085.0
2009-02-26,5.7724,5.819,5.5862,5.6982,12375358.0
2009-02-27,5.6142,5.6795,5.335,5.4837,11865384.0
2009-03-02,5.3538,5.3815,5.0371,5.1396,13175067.0
2009-03-03,5.0275,5.1952,4.7298,4.8697,24816470.0
2009-03-04,4.9439,4.9813,4.7672,4.86,18219238.0
2009-03-05,4.7763,4.7858,4.6089,4.6643,17740855.0
2009-03-06,4.6551,4.8883,4.6551,4.7763,14963430.0
2009-03-09,4.7763,5.0182,4.7017,4.8136,11928903.0
2009-03-10,4.9252,5.1114,4.8136,5.0834,19124546.0
2009-03-11,5.158,5.2604,4.9348,5.0746,10382971.0
2009-03-12,5.0746,5.2327,4.8883,5.2049,10758884.0
2009-03-13,5.2699,5.4465,5.2139,5.3259,11147568.0
2009-03-16,5.5955,5.6052,5.1024,5.1396,9976495.0
2009-03-17,5.1488,5.4187,4.9813,5.4187,7929957.0
2009-03-18,5.4187,5.6982,5.2604,5.4746,12734984.0
2009-03-19,5.6513,5.6513,5.3538,5.3721,10388971.0
2009-03-20,5.3909,5.4746,5.1861,5.2139,8250552.0
2009-03-23,5.3909,5.6236,5.2231,5.6236,7367734.0
2009-03-24,5.5681,5.6332,5.3815,5.5119,8559639.0
2009-03-25,5.5585,6.0241,5.5119,5.7167,11025746.0
2009-03-26,5.875,6.1264,5.7448,6.0054,8706377.0
2009-03-27,5.9679,6.0146,5.7816,5.8008,6837133.0
2009-03-30,5.6513,5.7724,5.5955,5.7448,10583083.0
2009-03-31,5.8008,6.0798,5.7448,5.8938,11952312.0
2009-04-01,5.8377,6.0054,5.6052,5.9867,9490175.0
2009-04-02,6.1079,6.6477,6.0054,6.5639,12278717.0
2009-04-03,6.5639,6.6663,6.2381,6.3873,10337366.0
2009-04-06,6.3499,6.9645,6.2662,6.8343,13072387.0
2009-04-07,6.7779,6.7779,6.2475,6.2846,11400460.0
2009-04-08,6.3592,6.6013,6.294,6.5269,9622579.0
2009-04-09,6.6854,6.8711,6.6013,6.8711,9735403.0
2009-04-13,6.8711,6.89,6.6854,6.8433,7781181.0
2009-04-14,6.8433,7.0294,6.7037,6.7688,11163212.0
2009-04-15,6.7875,7.1507,6.6198,7.1132,11997817.0
2009-04-16,6.9362,6.9362,6.1264,6.6103,25804959.0
2009-04-17,6.6198,6.9179,6.4335,6.7037,13217568.0
2009-04-20,6.6293,6.657,6.3873,6.5269,8912822.0
2009-04-21,6.4895,7.0667,6.4429,7.0112,11307975.0
2009-04-22,6.9738,7.2158,6.8433,6.955,12246875.0
2009-04-23,6.955,6.9921,6.6758,6.9179,7665068.0
2009-04-24,6.9738,7.2066,6.9362,7.0667,8324205.0
2009-04-27,6.4895,6.5734,6.0985,6.4058,21346500.0
2009-04-28,6.4058,6.8993,6.1916,6.4709,17263995.0
2009-04-29,6.6943,6.8433,6.5919,6.7037,9845602.0
2009-04-30,6.7968,6.8343,6.4802,6.4989,12114766.0
2009-05-01,6.5919,6.657,6.4335,6.5734,9443759.0
2009-05-04,6.6854,6.8711,6.5734,6.8711,9184534.0
2009-05-05,6.8343,7.0481,6.7968,6.9362,10966569.0
2009-05-06,7.0294,7.1692,6.7968,7.0016,7399892.0
2009-05-07,7.0387,7.0947,6.6385,6.7221,8340935.0
2009-05-08,6.8808,6.8808,6.6293,6.8525,11938495.0
2009-05-11,6.7502,6.7968,6.6103,6.6663,7593163.0
2009-05-12,6.6854,6.7596,6.5174,6.6385,7472714.0
2009-05-13,6.5734,6.5826,6.3406,6.4241,6923940.0
2009-05-14,6.4335,6.6663,6.3312,6.4709,8952139.0
2009-05-15,6.508,6.5734,6.3499,6.4149,8016021.0
2009-05-18,6.4617,6.6385,6.4241,6.6293,5830218.0
2009-05-19,6.6854,6.7502,6.5269,6.5919,8245168.0
2009-05-20,6.6477,6.7502,6.4335,6.4524,7885529.0
2009-05-21,6.4802,6.4802,6.2381,6.294,9630937.0
2009-05-22,6.3126,6.3499,6.1637,6.2381,5630465.0
2009-05-26,6.2846,6.4335,6.1637,6.4335,6908588.0
2009-05-27,6.4335,6.4617,6.1448,6.1448,8432413.0
2009-05-28,6.2846,6.2846,6.1264,6.2104,8770845.0
2009-05-29,6.2381,6.2752,6.1264,6.2752,7783439.0
2009-06-01,6.3592,6.4989,6.2475,6.4058,14325506.0
2009-06-02,6.4241,6.7221,6.4058,6.5549,13527179.0
2009-06-03,6.508,6.5826,6.3873,6.4895,8784239.0
2009-06-04,6.5174,6.5269,6.3406,6.3873,9554765.0
2009-06-05,6.508,6.5269,6.3218,6.4149,11091015.0
2009-06-08,6.4335,6.4335,6.2846,6.3499,5502439.0
2009-06-09,6.3592,6.4335,6.2381,6.3406,7330713.0
2009-06-10,6.3406,6.3777,6.1172,6.1916,74731.0
2009-06-11,6.1916,6.3406,6.0985,6.1822,9539172.0
2009-06-12,6.1729,6.2662,6.0798,6.1543,9621127.0
2009-06-15,6.1079,6.1079,5.9589,6.0334,8520139.0
2009-06-16,6.0519,6.1637,5.9589,5.9867,6376365.0
2009-06-17,6.0146,6.2567,5.9496,6.1637,12335727.0
2009-06-18,6.2198,6.2381,6.0334,6.1822,9603030.0
2009-06-19,6.2288,6.2475,6.0985,6.1822,7458317.0
2009-06-22,6.0985,6.1264,5.9122,5.9215,6187711.0
2009-06-23,5.9122,5.9496,5.7167,5.819,10428029.0
2009-06-24,5.819,5.9589,5.7912,5.875,8923201.0
2009-06-25,5.8656,6.1637,5.7816,6.1637,7154473.0
2009-06-26,6.1448,6.2288,5.9773,6.1079,10282742.0
2009-06-29,6.1448,6.2662,6.0519,6.2104,4472773.0
2009-06-30,6.2104,6.2752,6.0241,6.2662,9163853.0
2009-07-01,6.2846,6.4617,6.2752,6.3312,7812848.0
2009-07-02,6.0985,6.1356,5.9589,6.0519,11922142.0
2009-07-06,6.0241,6.1822,5.9867,6.1448,10000507.0
2009-07-07,6.1356,6.1448,5.9867,6.0334,8585009.0
2009-07-08,6.0614,6.2381,6.0054,6.1543,14045064.0
2009-07-09,6.1822,6.2288,6.0146,6.0519,9070076.0
2009-07-10,6.0054,6.1916,5.9867,6.1356,7090273.0
2009-07-13,6.1637,6.3406,6.0985,6.3312,8740020.0
2009-07-14,6.3312,6.4149,6.2567,6.3499,8048382.0
2009-07-15,6.4241,6.6013,6.3126,6.5826,5938487.0
2009-07-16,6.5639,6.6013,6.3777,6.5826,5949191.0
2009-07-17,6.5457,6.6013,6.4429,6.5359,5080713.0
2009-07-20,6.5549,6.8155,6.5174,6.7968,9044549.0
2009-07-21,6.8433,6.8433,6.1543,6.3967,19768691.0
2009-07-22,6.4241,6.7502,6.3406,6.4429,14717349.0
2009-07-23,6.4335,6.6385,6.3035,6.6385,9454371.0
2009-07-24,6.5457,7.0294,6.5457,6.9362,14479627.0
2009-07-27,6.955,6.9829,6.7596,6.9085,8533786.0
2009-07-28,6.8711,7.0574,6.8343,6.9921,6717540.0
2009-07-29,6.9271,7.1786,6.8993,7.1411,7547210.0
2009-07-30,7.225,7.3463,7.1226,7.1971,9028761.0
2009-07-31,7.2066,7.3463,7.1411,7.3088,8199600.0
2009-08-03,7.4299,7.8026,7.3088,7.7836,14926375.0
2009-08-04,7.9609,8.147,7.7276,8.1188,13543982.0
2009-08-05,8.0628,8.4539,7.9791,8.4074,11482301.0
2009-08-06,8.4166,8.5565,8.1653,8.519,10975596.0
2009-08-07,8.5937,8.696,8.4261,8.4822,9595353.0
2009-08-10,8.4635,8.4912,8.2215,8.2583,7671610.0
2009-08-11,8.2583,8.4166,8.1562,8.2962,8083893.0
2009-08-12,8.3052,8.5098,8.2583,8.389,7509174.0
2009-08-13,8.389,8.6216,8.2583,8.6031,8400308.0
2009-08-14,8.4732,8.4822,8.2119,8.4539,15277704.0
2009-08-17,8.3331,8.3331,8.0536,8.1001,11645304.0
2009-08-18,8.1377,8.2772,8.091,8.2119,14571080.0
2009-08-19,7.9328,8.0164,7.7464,7.8771,14141206.0
2009-08-20,7.8674,7.97,7.8395,7.905,8655337.0
2009-08-21,7.9609,8.2119,7.9609,8.0816,16591438.0
2009-08-24,8.1653,8.2678,7.8771,7.8859,13289600.0
2009-08-25,7.9232,8.1562,7.9232,8.0816,10571473.0
2009-08-26,8.0722,8.1745,7.9609,8.0072,8184133.0
2009-08-27,8.0536,8.0628,7.7276,7.8674,7308840.0
2009-08-28,7.8953,8.0164,7.8395,7.9232,6705389.0
2009-08-31,7.8859,7.9328,7.6067,7.6161,9009281.0
2009-09-01,7.6161,7.7558,7.3648,7.4672,11502464.0
2009-09-02,7.3928,7.6067,7.3178,7.5696,11439872.0
2009-09-03,7.6161,7.8488,7.4951,7.8303,10611159.0
2009-09-04,7.8303,8.0164,7.5696,8.0072,7851505.0
2009-09-08,8.091,8.1377,7.9139,8.0536,5834533.0
2009-09-09,8.0353,8.2215,7.9232,8.2029,6791608.0
2009-09-10,8.1745,8.6123,8.1562,8.6123,8474376.0
2009-09-11,8.6777,8.836,8.6123,8.696,10541842.0
2009-09-14,8.5098,8.8823,8.4261,8.8823,6099247.0
2009-09-15,8.8547,9.1789,8.7333,9.0311,6888321.0
2009-09-16,9.1708,9.4965,8.9939,9.1983,12585257.0
2009-09-17,9.2552,9.431,8.8638,9.0311,12772080.0
2009-09-18,9.1708,9.1789,8.8916,9.0121,9740226.0
2009-09-21,8.9477,9.161,8.8079,9.0959,7996667.0
2009-09-22,9.161,9.2363,8.8266,8.8452,8515997.0
2009-09-23,9.1523,9.1983,8.9289,9.0121,12277613.0
2009-09-24,9.0394,9.1056,8.8266,8.836,11090166.0
2009-09-25,8.8172,9.0679,8.8079,8.9846,8104255.0
2009-09-28,9.0581,9.1789,8.9846,9.1056,7669050.0
2009-09-29,9.1246,9.2733,8.9571,8.9939,6562046.0
2009-09-30,8.9939,9.0581,8.7896,8.9384,7542106.0
2009-10-01,8.8916,8.8916,8.3517,8.3701,10063636.0
2009-10-02,8.2029,8.6589,8.184,8.5657,9615812.0
2009-10-05,8.1377,8.5469,7.9328,8.4539,11662117.0
2009-10-06,8.4822,8.6494,8.3794,8.5284,8394881.0
2009-10-07,8.6216,8.6777,8.4912,8.5657,7391192.0
2009-10-08,8.6589,9.0581,8.6031,9.0486,12445191.0
2009-10-09,9.0394,9.0581,8.5565,8.9477,8714314.0
2009-10-12,8.9662,9.0486,8.8452,8.8823,6828242.0
2009-10-13,8.8823,8.9756,8.7054,8.9195,5155867.0
2009-10-14,9.0218,9.4023,8.9571,9.3479,13418942.0
2009-10-15,9.283,9.3096,8.7147,8.8172,16056687.0
2009-10-16,8.7706,8.8172,8.5379,8.6123,11965951.0
2009-10-19,8.389,8.5937,8.3517,8.5565,10435580.0
2009-10-20,8.6777,8.6777,8.5007,8.6216,7472102.0
2009-10-21,8.5937,8.6684,8.2305,8.2399,13231532.0
2009-10-22,8.3141,8.4635,8.1377,8.3331,10667491.0
2009-10-23,8.3423,8.4357,8.1933,8.2305,12062065.0
2009-10-26,8.2864,8.4539,8.147,8.1933,10576607.0
2009-10-27,8.184,8.2772,7.9979,8.0536,9712426.0
2009-10-28,8.1097,8.1097,7.8859,7.905,12769530.0
2009-10-29,7.9422,8.0164,7.8674,7.8859,8976090.0
2009-10-30,7.8583,7.9791,7.7188,7.8205,13193875.0
2009-11-02,7.8583,7.905,7.6067,7.7188,12104350.0
2009-11-03,7.6255,7.8488,7.5418,7.7094,7690573.0
2009-11-04,7.7369,7.8771,7.588,7.6345,8931921.0
2009-11-05,7.6906,7.8674,7.672,7.7836,9034609.0
2009-11-06,7.793,8.0816,7.7276,8.0536,14970152.0
2009-11-09,8.1745,8.4539,8.1001,8.4357,10510651.0
2009-11-10,8.389,8.4166,8.147,8.3331,7032671.0
2009-11-11,8.3609,8.8452,8.3609,8.7799,16725457.0
2009-11-12,8.7613,8.7613,8.4166,8.4261,12822590.0
2009-11-13,8.4449,8.7518,8.4449,8.5284,9844275.0
2009-11-16,8.5937,8.8916,8.5845,8.6869,10088809.0
2009-11-17,8.6777,8.696,8.5284,8.5284,7484428.0
2009-11-18,8.5469,8.6216,8.3984,8.4449,6227161.0
2009-11-19,8.3984,8.4166,8.2029,8.2962,4686027.0
2009-11-20,8.2583,8.4732,8.2305,8.3794,5959649.0
2009-11-23,8.4732,8.5845,8.4732,8.5098,6515165.0
2009-11-24,8.4732,8.519,8.2119,8.3235,6811953.0
2009-11-25,8.3984,8.5469,8.2962,8.4732,5946107.0
2009-11-27,8.2215,8.4449,8.1562,8.3701,3956926.0
2009-11-30,8.4732,8.6216,8.2864,8.5657,11997528.0
2009-12-01,8.6216,8.7425,8.4732,8.7054,12046576.0
2009-12-02,8.7244,8.8452,8.6123,8.7613,11775357.0
2009-12-03,8.836,8.9013,8.6589,8.8547,9236829.0
2009-12-04,8.9477,9.564,8.9477,9.525,35461451.0
2009-12-07,9.3096,9.431,9.2363,9.4023,11456392.0
2009-12-08,9.4408,9.6,9.2733,9.4023,10570722.0
2009-12-09,9.3836,9.535,9.2552,9.525,10147405.0
2009-12-10,9.545,9.685,9.4965,9.515,9374135.0
2009-12-11,9.554,10.214,9.545,10.152,15525712.0
2009-12-14,10.25,10.286,9.896,10.16,11967985.0
2009-12-15,10.067,10.204,9.944,10.009,9153234.0
2009-12-16,10.019,10.474,10.019,10.428,10654631.0
2009-12-17,10.316,10.603,10.286,10.512,16624735.0
2009-12-18,10.512,10.549,10.231,10.465,11982483.0
2009-12-21,10.456,10.603,10.419,10.53,9265305.0
2009-12-22,10.558,10.969,10.549,10.659,9794430.0
2009-12-23,10.699,10.857,10.539,10.811,6627511.0
2009-12-24,10.82,10.903,10.632,10.754,2496651.0
2009-12-28,10.549,10.801,10.502,10.659,5142571.0
2009-12-29,10.708,10.717,10.549,10.642,4693118.0
2009-12-30,10.603,10.613,10.484,10.594,4522145.0
2009-12-31,10.594,10.735,10.521,10.642,6235217.0
2010-01-04,10.613,10.669,10.326,10.411,10337591.0
2010-01-05,10.474,10.979,10.428,10.961,14343867.0
2010-01-06,10.952,10.979,10.594,10.632,11303002.0
2010-01-07,10.603,10.933,10.493,10.792,10799983.0
2010-01-08,10.745,10.838,10.456,10.549,8478998.0
2010-01-11,10.568,10.773,10.456,10.669,6430450.0
2010-01-12,10.585,10.783,10.484,10.549,6619049.0
2010-01-13,10.539,10.848,10.484,10.735,6228129.0
2010-01-14,10.708,10.792,10.578,10.669,5121486.0
2010-01-15,10.699,10.745,10.428,10.502,6762891.0
2010-01-19,10.484,10.699,10.438,10.521,7199233.0
2010-01-20,10.465,10.594,10.16,10.549,13814375.0
2010-01-21,10.717,10.952,10.352,10.874,25486056.0
2010-01-22,10.969,11.143,10.735,10.874,15367134.0
2010-01-25,10.828,11.116,10.382,10.539,16356393.0
2010-01-26,10.411,11.123,10.336,10.811,13203277.0
2010-01-27,10.801,10.801,10.222,10.603,15481231.0
2010-01-28,10.669,10.933,10.578,10.659,13173857.0
2010-01-29,10.699,10.943,10.521,10.549,11780597.0
2010-02-01,10.585,10.838,10.53,10.773,8242160.0
2010-02-02,10.82,10.933,10.669,10.754,12157752.0
2010-02-03,10.717,10.828,10.603,10.679,8978555.0
2010-02-04,10.594,10.735,10.268,10.268,13547124.0
2010-02-05,10.277,10.558,10.259,10.512,13031690.0
2010-02-08,10.53,10.603,10.336,10.474,8575917.0
2010-02-09,10.568,11.034,10.568,10.848,14603577.0
2010-02-10,10.811,10.961,10.578,10.745,12405589.0
2010-02-11,10.717,11.169,10.717,11.06,16033267.0
2010-02-12,11.069,11.208,10.996,11.208,14865724.0
2010-02-16,11.266,11.589,11.188,11.589,11467682.0
2010-02-17,11.589,11.589,11.237,11.446,8673926.0
2010-02-18,11.454,11.628,11.446,11.58,10678326.0
2010-02-19,11.526,11.817,11.488,11.57,12061665.0
2010-02-22,11.589,11.853,11.589,11.638,10908066.0
2010-02-23,11.647,11.741,11.488,11.544,12881742.0
2010-02-24,11.562,11.751,11.488,11.58,12061403.0
2010-02-25,11.516,11.638,11.363,11.57,6956309.0
2010-02-26,11.544,11.825,11.544,11.713,8576711.0
2010-03-01,11.723,12.002,11.723,11.834,11743790.0
2010-03-02,11.926,11.963,11.751,11.761,9357708.0
2010-03-03,11.788,11.861,11.684,11.684,10418630.0
2010-03-04,11.684,11.817,11.674,11.732,10591345.0
2010-03-05,11.741,11.871,11.684,11.807,10771373.0
2010-03-08,11.807,11.954,11.638,11.684,10470037.0
2010-03-09,11.732,11.963,11.684,11.807,13137379.0
2010-03-10,11.825,12.178,11.788,11.935,11856977.0
2010-03-11,11.871,12.049,11.788,11.954,9354064.0
2010-03-12,11.993,12.16,11.88,12.104,10225377.0
2010-03-15,12.094,12.178,11.888,12.104,10753705.0
2010-03-16,12.112,12.42,12.112,12.272,9913260.0
2010-03-17,12.272,12.338,12.068,12.132,7770864.0
2010-03-18,12.122,12.365,12.122,12.16,7575964.0
2010-03-19,12.188,12.302,11.853,11.926,11178919.0
2010-03-22,11.871,12.16,11.834,12.039,7583036.0
2010-03-23,12.068,12.178,11.916,12.132,6489875.0
2010-03-24,12.132,12.197,11.954,12.104,6224942.0
2010-03-25,12.151,12.384,12.132,12.169,7267015.0
2010-03-26,12.178,12.31,11.954,12.151,9811511.0
2010-03-29,12.207,12.346,12.188,12.272,7700237.0
2010-03-30,12.31,12.346,12.03,12.188,6229173.0
2010-03-31,12.16,12.492,12.16,12.31,8714516.0
2010-04-01,12.447,12.502,12.197,12.302,8405717.0
2010-04-05,12.365,12.447,12.178,12.253,8572856.0
2010-04-06,12.207,12.522,12.197,12.522,10561079.0
2010-04-07,12.485,12.541,12.272,12.384,16009208.0
2010-04-08,12.502,12.614,12.447,12.475,11130205.0
2010-04-09,12.512,12.512,12.302,12.384,11328989.0
2010-04-12,12.42,12.551,12.346,12.429,9223759.0
2010-04-13,12.457,12.502,12.234,12.42,7410387.0
2010-04-14,12.401,12.644,12.384,12.568,8265560.0
2010-04-15,12.502,12.624,12.437,12.605,10280866.0
2010-04-16,12.568,12.596,12.302,12.457,9673853.0
2010-04-19,12.644,12.987,12.568,12.803,17102780.0
2010-04-20,12.869,12.987,12.568,12.793,11204737.0
2010-04-21,12.869,12.869,12.475,12.644,11297196.0
2010-04-22,12.624,12.736,12.31,12.512,12781846.0
2010-04-23,12.551,13.005,12.522,12.997,10555833.0
2010-04-26,12.952,12.997,12.596,12.634,
2010-04-27,12.664,12.672,12.234,12.272,14693730.0
2010-04-28,12.365,12.457,12.216,12.318,11767598.0
2010-04-29,12.429,12.654,12.401,12.492,11488058.0
2010-04-30,12.522,12.56,12.263,12.272,10083690.0
2010-05-03,12.401,12.522,12.292,12.475,13547878.0
2010-05-04,12.356,12.392,11.983,12.112,10840121.0
2010-05-05,12.076,12.475,11.926,12.132,16183925.0
2010-05-06,12.188,12.318,11.078,11.713,16778639.0
2010-05-07,11.704,12.085,11.454,11.535,17508393.0
2010-05-10,11.944,12.076,11.871,12.068,8791437.0
2010-05-11,11.935,12.03,11.704,11.973,10654864.0
2010-05-12,11.993,12.272,11.973,12.234,9668807.0
2010-05-13,12.226,12.429,11.973,12.002,8730994.0
2010-05-14,11.993,12.049,11.761,11.897,9296070.0
2010-05-17,11.926,12.085,11.723,12.002,8650606.0
2010-05-18,12.076,12.132,11.741,11.771,9298023.0
2010-05-19,11.713,11.751,11.303,11.436,14395067.0
2010-05-20,11.208,11.266,10.864,10.864,12386513.0
2010-05-21,10.708,11.133,10.578,11.088,11139715.0
2010-05-24,11.051,11.198,10.996,11.034,7305649.0
2010-05-25,10.745,11.323,10.659,11.323,15051839.0
2010-05-26,11.353,11.684,11.275,11.454,14465238.0
2010-05-27,11.694,11.771,11.535,11.771,6791422.0
2010-05-28,11.771,11.771,11.464,11.58,9447307.0
2010-06-01,11.436,11.608,11.353,11.363,9323024.0
2010-06-02,11.544,11.751,11.488,11.751,7521056.0
2010-06-03,11.825,11.888,11.552,11.741,9577959.0
2010-06-04,11.488,11.526,11.152,11.188,9568191.0
2010-06-07,11.198,11.198,10.811,10.857,11167866.0
2010-06-08,10.933,11.098,10.792,11.069,8608369.0
2010-06-09,11.106,11.372,10.969,11.024,10025863.0
2010-06-10,11.237,11.353,11.143,11.218,8908052.0
2010-06-11,11.088,11.285,11.024,11.237,7880246.0
2010-06-14,11.408,11.535,11.178,11.208,8489204.0
2010-06-15,11.275,11.506,11.246,11.497,9971016.0
2010-06-16,11.488,11.488,11.198,11.256,6211167.0
2010-06-17,11.266,11.526,11.143,11.516,9683223.0
2010-06-18,11.506,11.544,11.295,11.418,7720204.0
2010-06-21,11.516,11.589,11.275,11.363,7350323.0
2010-06-22,11.353,11.473,11.034,11.051,6481953.0
2010-06-23,11.051,11.152,10.848,11.024,5756923.0
2010-06-24,10.979,11.123,10.848,10.874,6741590.0
2010-06-25,10.893,10.933,10.689,10.838,8358726.0
2010-06-28,10.783,10.933,10.717,10.811,6727590.0
2010-06-29,10.679,10.679,10.296,10.343,7837065.0
2010-06-30,10.348,10.553,10.301,10.348,8317124.0
2010-07-01,10.286,10.549,9.973,10.231,9577940.0
2010-07-02,10.268,10.286,9.859,10.009,6143079.0
2010-07-06,10.25,10.25,9.82,9.896,9429136.0
2010-07-07,9.849,10.521,9.703,10.512,10610506.0
2010-07-08,10.539,10.727,10.539,10.642,9619462.0
2010-07-09,10.632,10.893,10.632,10.792,6593041.0
2010-07-12,10.708,11.098,10.708,11.043,9747146.0
2010-07-13,11.169,11.323,11.106,11.266,8514945.0
2010-07-14,11.152,11.389,10.979,11.228,8041513.0
2010-07-15,11.188,11.198,10.969,11.198,8270828.0
2010-07-16,11.098,11.178,10.923,10.952,7440166.0
2010-07-19,10.988,10.988,10.428,10.708,12813947.0
2010-07-20,10.549,10.689,10.446,10.679,10656492.0
2010-07-21,10.773,10.848,10.521,10.585,6959917.0
2010-07-22,10.764,11.005,10.717,10.883,6714344.0
2010-07-23,10.874,11.069,10.792,11.005,8368726.0
2010-07-26,11.098,11.275,10.979,11.237,9668509.0
2010-07-27,11.303,11.363,11.116,11.169,6617326.0
2010-07-28,11.169,11.303,11.088,11.178,4926251.0
2010-07-29,11.497,11.535,10.996,11.178,6296897.0
2010-07-30,10.979,11.285,10.913,11.218,5191407.0
2010-08-02,11.303,11.473,11.228,11.464,5280432.0
2010-08-03,11.408,11.436,11.143,11.237,5398269.0
2010-08-04,11.285,11.436,11.218,11.313,6022253.0
2010-08-05,11.218,11.408,11.169,11.228,3276207.0
2010-08-06,11.106,11.275,10.988,11.123,4448496.0
2010-08-09,11.152,11.313,11.123,11.303,4767290.0
2010-08-10,11.169,11.208,10.874,11.078,6555503.0
2010-08-11,10.893,10.893,10.632,10.642,4902657.0
2010-08-12,10.484,10.801,10.352,10.642,5466776.0
2010-08-13,10.594,10.699,10.512,10.613,3197232.0
2010-08-16,10.539,10.669,10.456,10.558,3576870.0
2010-08-17,10.642,10.773,10.594,10.708,2736959.0
2010-08-18,10.699,10.828,10.613,10.745,4275852.0
2010-08-19,10.669,10.754,10.296,10.428,6790840.0
2010-08-20,10.336,10.502,10.259,10.493,5134742.0
2010-08-23,10.521,10.669,10.277,10.286,5239695.0
2010-08-24,10.152,10.362,10.038,10.25,7308148.0
2010-08-25,10.152,10.25,10.038,10.185,8245252.0
2010-08-26,10.214,10.343,10.019,10.076,7196115.0
2010-08-27,10.132,10.382,10.029,10.362,5794708.0
2010-08-30,10.352,10.465,10.132,10.231,5968469.0
2010-08-31,10.217,10.406,10.126,10.291,5478548.0
2010-09-01,10.428,10.745,10.402,10.708,6620336.0
2010-09-02,10.745,10.848,10.568,10.735,5533770.0
2010-09-03,10.857,10.893,10.689,10.773,4248037.0
2010-09-07,10.699,10.727,10.521,10.649,3925020.0
2010-09-08,10.649,10.874,10.603,10.717,4140353.0
2010-09-09,10.82,10.838,10.649,10.689,3894425.0
2010-09-10,10.689,10.792,10.632,10.727,3021081.0
2010-09-13,10.848,10.874,10.568,10.689,4938551.0
2010-09-14,10.623,10.82,10.512,10.708,5415233.0
2010-09-15,10.649,11.034,10.649,10.988,7239313.0
2010-09-16,10.943,11.133,10.864,11.123,6166828.0
2010-09-17,11.143,11.188,10.961,11.015,4371943.0
2010-09-20,11.051,11.353,11.051,11.333,4842649.0
2010-09-21,11.343,11.436,11.143,11.323,6079813.0
2010-09-22,11.285,11.363,11.198,11.246,5796451.0
2010-09-23,11.169,11.295,11.005,11.051,4621597.0
2010-09-24,11.198,11.473,11.152,11.436,4930339.0
2010-09-27,11.48,13.183,11.473,12.429,38958299.0
2010-09-28,12.577,12.634,12.141,12.328,15933570.0
2010-09-29,12.292,12.356,12.169,12.282,7864334.0
2010-09-30,12.318,12.568,12.104,12.169,9619559.0
2010-10-01,12.318,12.328,12.03,12.049,6146189.0
2010-10-04,12.03,12.188,11.751,11.935,7021733.0
2010-10-05,12.076,12.253,12.049,12.122,8656702.0
2010-10-06,12.068,12.197,11.843,12.049,8008687.0
2010-10-07,12.085,12.132,11.963,11.993,3666583.0
2010-10-08,12.039,12.178,11.993,12.141,4754761.0
2010-10-11,12.094,12.16,11.907,11.973,4307355.0
2010-10-12,11.907,12.151,11.888,12.094,5772880.0
2010-10-13,12.141,12.169,12.03,12.076,5987064.0
2010-10-14,12.076,12.122,11.88,11.973,3800309.0
2010-10-15,12.085,12.151,11.935,12.059,4691776.0
2010-10-18,12.132,12.16,11.993,12.122,3546760.0
2010-10-19,11.993,12.039,11.723,11.817,6903766.0
2010-10-20,11.993,12.346,11.954,12.253,9109192.0
2010-10-21,12.605,12.879,12.466,12.682,17046085.0
2010-10-22,12.728,12.736,12.384,12.541,6722963.0
2010-10-25,12.522,12.644,12.522,12.605,6423921.0
2010-10-26,12.577,12.664,12.502,12.634,5120485.0
2010-10-27,12.522,12.822,12.485,12.813,7074647.0
2010-10-28,12.943,12.987,12.624,12.813,4249537.0
2010-10-29,12.806,12.873,12.676,12.816,4125136.0
2010-11-01,12.908,13.033,12.813,12.916,5849305.0
2010-11-02,12.997,13.136,12.889,13.108,6298094.0
2010-11-03,13.108,13.221,12.869,13.136,6795958.0
2010-11-04,13.268,13.325,13.108,13.258,6014005.0
2010-11-05,13.258,13.334,13.136,13.213,3755234.0
2010-11-08,13.306,13.306,13.108,13.277,4866966.0
2010-11-09,13.277,13.306,12.899,12.97,5597555.0
2010-11-10,12.978,13.024,12.644,12.744,7856328.0
2010-11-11,12.654,12.803,12.624,12.744,4859168.0
2010-11-12,12.692,12.754,12.551,12.624,3677046.0
2010-11-15,12.71,12.754,12.577,12.577,4655018.0
2010-11-16,12.485,12.577,12.302,12.384,5019519.0
2010-11-17,12.411,12.492,12.282,12.392,5095447.0
2010-11-18,12.541,12.744,12.492,12.624,4072478.0
2010-11-19,12.596,12.664,12.522,12.634,3424394.0
2010-11-22,12.614,12.728,12.532,12.7,3999278.0
2010-11-23,12.551,12.568,12.392,12.492,3765618.0
2010-11-24,12.568,12.822,12.551,12.803,4352412.0
2010-11-26,12.7,12.736,12.532,12.596,2809951.0
2010-11-29,12.492,12.692,12.42,12.614,4131994.0
2010-11-30,12.48,12.611,12.388,12.397,5781847.0
2010-12-01,12.551,12.672,12.466,12.492,6897219.0
2010-12-02,12.475,12.605,12.253,12.365,6975436.0
2010-12-03,12.31,12.356,12.216,12.292,5711655.0
2010-12-06,12.253,12.292,12.085,12.112,6440944.0
2010-12-07,12.216,12.292,12.011,12.059,7929200.0
2010-12-08,12.068,12.085,11.732,11.935,9712461.0
2010-12-09,11.944,12.059,11.843,11.963,6516948.0
2010-12-10,11.993,12.039,11.916,12.011,3336554.0
2010-12-13,12.059,12.094,11.834,11.954,8007536.0
2010-12-14,11.983,12.085,11.926,11.993,7174463.0
2010-12-15,11.963,12.02,11.723,11.732,10534154.0
2010-12-16,11.732,11.788,11.464,11.771,9699638.0
2010-12-17,12.011,12.094,11.771,12.039,10257667.0
2010-12-20,11.926,12.094,11.853,12.049,5262496.0
2010-12-21,12.068,12.263,12.059,12.197,5374506.0
2010-12-22,12.197,12.234,12.122,12.188,3376321.0
2010-12-23,12.169,12.197,12.02,12.049,3070916.0
2010-12-27,12.03,12.122,12.02,12.094,2582971.0
2010-12-28,12.094,12.207,12.068,12.178,3156423.0
2010-12-29,12.193,12.277,12.117,12.155,2566735.0
2010-12-30,12.137,12.221,12.071,12.081,2024694.0
2010-12-31,12.058,12.103,11.943,12.085,3226121.0
2011-01-03,12.151,12.374,12.122,12.328,5220814.0
2011-01-04,12.328,12.411,12.234,12.401,5223362.0
2011-01-05,12.338,12.654,12.292,12.392,7249115.0
2011-01-06,12.392,12.437,12.234,12.253,6855094.0
2011-01-07,12.31,12.447,12.263,12.374,5158553.0
2011-01-10,12.338,12.392,12.216,12.384,5223994.0
2011-01-11,12.411,12.411,12.16,12.169,4133765.0
2011-01-12,12.226,12.338,12.188,12.253,4048219.0
2011-01-13,12.253,12.263,12.132,12.188,4031504.0
2011-01-14,12.169,12.346,12.122,12.328,4705713.0
2011-01-18,12.244,12.338,12.16,12.178,5438658.0
2011-01-19,12.141,12.244,11.916,11.944,6514740.0
2011-01-20,12.169,12.272,11.843,11.907,9377882.0
2011-01-21,11.963,12.03,11.694,11.704,9528526.0
2011-01-24,11.674,11.888,11.618,11.88,8568898.0
2011-01-25,11.871,11.88,11.544,11.638,7862092.0
2011-01-26,11.723,11.88,11.598,11.598,12374190.0
2011-01-27,11.589,11.694,11.544,11.628,6301865.0
2011-01-28,11.684,11.684,11.098,11.106,11717551.0
2011-01-31,11.159,11.303,10.995,11.032,9951110.0
2011-02-01,11.116,11.198,10.988,11.034,8672765.0
2011-02-02,11.015,11.015,10.735,10.773,15899432.0
2011-02-03,10.649,10.913,10.623,10.874,11757000.0
2011-02-04,10.838,10.943,10.811,10.913,8252723.0
2011-02-07,11.024,11.256,10.923,11.188,12141745.0
2011-02-08,11.169,11.353,11.169,11.343,11908087.0
2011-02-09,11.285,11.436,11.237,11.427,12387902.0
2011-02-10,11.372,11.497,11.285,11.464,10416975.0
2011-02-11,11.399,11.647,11.389,11.535,7263639.0
2011-02-14,11.562,11.598,11.343,11.353,6656058.0
2011-02-15,11.343,11.598,11.275,11.516,6593842.0
2011-02-16,11.535,11.628,11.427,11.526,4926372.0
2011-02-17,11.497,11.656,11.454,11.638,5955572.0
2011-02-18,11.713,11.713,11.544,11.704,6109348.0
2011-02-22,11.552,11.58,11.024,11.06,14801457.0
2011-02-23,11.078,11.152,10.689,10.883,13410203.0
2011-02-24,10.893,11.133,10.754,10.952,11590265.0
2011-02-25,11.015,11.106,10.848,10.979,8368089.0
2011-02-28,11.038,11.101,10.937,11.019,6043066.0
2011-03-01,11.069,11.069,10.848,10.903,12348386.0
2011-03-02,10.893,10.996,10.745,10.773,9307462.0
2011-03-03,10.923,11.143,10.838,10.969,9019974.0
2011-03-04,10.969,10.996,10.754,10.988,11901311.0
2011-03-07,11.015,11.06,10.883,10.961,8728059.0
2011-03-08,10.988,11.807,10.988,11.788,20172636.0
2011-03-09,11.694,11.694,11.303,11.464,13279156.0
2011-03-10,11.399,11.78,11.313,11.638,12857188.0
2011-03-11,11.834,11.926,11.666,11.843,9419687.0
2011-03-14,11.78,11.78,11.535,11.544,9099180.0
2011-03-15,11.323,11.674,11.178,11.526,10179607.0
2011-03-16,11.48,11.506,11.133,11.188,9637063.0
2011-03-17,11.357,11.412,11.001,11.038,7418134.0
2011-03-18,11.169,11.436,11.161,11.363,10494525.0
2011-03-21,11.488,11.506,11.343,11.436,2913016.0
2011-03-22,11.436,11.562,11.389,11.473,7497340.0
2011-03-23,11.408,11.638,11.266,11.562,7127886.0
2011-03-24,11.618,11.741,11.562,11.674,6840606.0
2011-03-25,11.713,11.993,11.684,11.807,6251538.0
2011-03-28,11.825,11.926,11.704,11.713,3585640.0
2011-03-29,11.684,11.825,11.647,11.647,4547672.0
2011-03-30,11.723,11.963,11.694,11.926,5634176.0
2011-03-31,11.702,11.852,11.617,11.76,6358132.0
2011-04-01,11.861,11.983,11.741,11.797,5330315.0
2011-04-04,11.381,11.608,11.323,11.598,13863988.0
2011-04-05,11.57,11.628,11.303,11.363,12291016.0
2011-04-06,11.427,11.454,11.208,11.313,8399946.0
2011-04-07,11.363,11.363,10.988,10.988,12048906.0
2011-04-08,11.106,11.106,10.801,10.874,12643105.0
2011-04-11,10.943,11.005,10.811,10.969,8890009.0
2011-04-12,10.907,11.155,10.907,11.029,9774284.0
2011-04-13,11.06,11.078,10.883,10.943,6456499.0
2011-04-14,10.923,10.952,10.773,10.801,10211742.0
2011-04-15,10.864,10.893,10.764,10.828,7818707.0
2011-04-18,10.717,10.857,10.708,10.754,5509865.0
2011-04-19,10.801,10.848,10.708,10.773,7797524.0
2011-04-20,10.893,10.988,10.764,10.828,7214748.0
2011-04-21,10.745,10.828,10.53,10.53,16330016.0
2011-04-25,10.521,10.857,10.521,10.717,14686001.0
2011-04-26,10.783,11.005,10.773,10.874,12654356.0
2011-04-27,10.893,11.005,10.811,10.961,10793683.0
2011-04-28,10.943,11.034,10.848,10.996,7278698.0
2011-04-29,10.977,11.113,10.846,10.94,13444899.0
2011-05-02,11.069,11.143,10.792,10.811,24390144.0
2011-05-03,10.73,10.815,10.589,10.748,24757673.0
2011-05-04,10.708,10.857,10.699,10.838,10666978.0
2011-05-05,10.852,11.119,10.824,11.093,18106047.0
2011-05-06,11.123,11.323,10.969,11.275,17103508.0
2011-05-09,11.303,11.353,11.133,11.169,8198017.0
2011-05-10,11.228,11.408,11.228,11.266,10727502.0
2011-05-11,11.261,11.347,11.148,11.308,8612462.0
2011-05-12,11.323,11.363,11.228,11.303,8059036.0
2011-05-13,11.289,11.308,11.138,11.241,9177821.0
2011-05-16,11.218,11.408,11.208,11.303,13749524.0
2011-05-17,11.313,11.454,11.266,11.381,9866017.0
2011-05-18,11.363,11.454,11.266,11.427,10743814.0
2011-05-19,11.446,11.58,11.399,11.544,12037099.0
2011-05-20,11.539,11.549,11.422,11.432,7904924.0
2011-05-23,11.313,11.436,11.275,11.303,5902323.0
2011-05-24,11.337,11.347,11.119,11.148,6387760.0
2011-05-25,11.128,11.213,10.974,11.029,9776274.0
2011-05-26,11.029,11.083,10.917,10.982,8198105.0
2011-05-27,11.01,11.101,10.974,11.019,6716088.0
2011-05-31,11.099,11.107,10.954,11.017,7155191.0
2011-06-01,11.001,11.101,10.739,10.796,9588374.0
2011-06-02,10.815,10.907,10.748,10.778,7469139.0
2011-06-03,10.722,10.861,10.645,10.768,9392059.0
2011-06-06,10.713,10.787,10.433,10.46,11409974.0
2011-06-07,10.581,10.636,10.497,10.562,8630630.0
2011-06-08,10.525,10.654,10.291,10.32,9200872.0
2011-06-09,10.32,10.386,10.217,10.291,13457700.0
2011-06-10,10.281,10.338,10.136,10.179,8010042.0
2011-06-13,10.226,10.386,10.146,10.179,9216910.0
2011-06-14,10.281,10.415,10.263,10.33,5514196.0
2011-06-15,10.244,10.271,9.947,10.032,14307746.0
2011-06-16,10.068,10.168,9.944,10.029,9927949.0
2011-06-17,10.108,10.263,10.108,10.189,14003414.0
2011-06-20,10.198,10.433,10.163,10.281,7185170.0
2011-06-21,10.33,10.415,10.253,10.396,4878566.0
2011-06-22,10.366,10.441,10.263,10.263,5343722.0
2011-06-23,10.189,10.683,10.189,10.627,14039410.0
2011-06-24,10.525,10.617,10.281,10.581,11132685.0
2011-06-27,10.562,10.673,10.497,10.608,7294112.0
2011-06-28,10.627,10.645,10.479,10.645,9586164.0
2011-06-29,10.664,10.739,10.562,10.608,6705525.0
2011-06-30,10.656,10.808,10.6,10.639,8318924.0
2011-07-01,10.654,10.852,10.627,10.843,6498863.0
2011-07-05,10.796,10.805,10.589,10.608,5213475.0
2011-07-06,10.624,10.755,10.54,10.66,6794789.0
2011-07-07,10.739,10.815,10.627,10.815,7200953.0
2011-07-08,10.683,10.73,10.544,10.598,6308248.0
2011-07-11,10.506,10.506,10.253,10.281,5799423.0
2011-07-12,10.241,10.277,10.142,10.16,7765717.0
2011-07-13,10.226,10.31,10.098,10.136,6708582.0
2011-07-14,10.171,10.198,9.985,10.013,8571142.0
2011-07-15,10.062,10.089,9.9,9.985,8192176.0
2011-07-18,9.957,9.976,9.689,9.742,10301397.0
2011-07-19,9.783,9.887,9.675,9.849,10150536.0
2011-07-20,9.89,9.947,9.769,9.769,4870690.0
2011-07-21,9.843,9.882,9.679,9.751,7458109.0
2011-07-22,9.742,9.823,9.623,9.707,5087118.0
2011-07-25,9.67,9.689,9.509,9.539,6753126.0
2011-07-26,9.554,9.656,9.4122,9.4221,7695319.0
2011-07-27,9.4162,9.4537,9.2397,9.2576,10838368.0
2011-07-28,9.2733,9.3826,9.1152,9.1152,9672081.0
2011-07-29,9.0301,9.3283,8.9469,9.2733,9862322.0
2011-08-01,9.3708,9.4725,9.0243,9.0525,12726106.0
2011-08-02,8.984,9.0572,8.7138,8.7416,11110244.0
2011-08-03,8.7552,8.9882,8.5784,8.9882,14331916.0
2011-08-04,8.8815,8.8815,8.22,8.2292,24247743.0
2011-08-05,8.3409,8.4995,7.5397,7.8935,31993255.0
2011-08-08,7.7306,7.8237,7.5167,7.5259,28661166.0
2011-08-09,7.7123,7.8707,7.4606,7.8612,28782499.0
2011-08-10,7.8058,7.8058,7.5911,7.6097,29298527.0
2011-08-11,7.6657,7.8058,7.5446,7.7216,22473815.0
2011-08-12,7.7818,7.931,7.6793,7.7446,14304503.0
2011-08-15,7.8147,8.029,7.7588,7.917,12641219.0
2011-08-16,7.8844,8.1081,7.7818,7.9497,14254764.0
2011-08-17,7.9684,8.0707,7.8284,7.8935,8180902.0
2011-08-18,7.6793,7.7539,7.3811,7.493,13712663.0
2011-08-19,7.4276,7.7169,7.344,7.3534,13211203.0
2011-08-22,7.5303,7.6418,7.3067,7.3158,10310733.0
2011-08-23,7.3534,7.4742,7.2789,7.465,9332962.0
2011-08-24,7.4556,7.6607,7.4182,7.6513,7018106.0
2011-08-25,7.6793,7.7446,7.5022,7.5676,8915256.0
2011-08-26,7.5212,7.7075,7.4465,7.6418,9924746.0
2011-08-29,7.7539,8.1081,7.698,8.0894,10556478.0
2011-08-30,8.0521,8.0801,7.8564,7.9592,9420346.0
2011-08-31,8.0285,8.2245,8.0099,8.0379,7812691.0
2011-09-01,8.0149,8.1361,7.8099,7.8564,7338406.0
2011-09-02,7.814,7.814,7.6459,7.6928,5804524.0
2011-09-06,7.6049,7.698,7.465,7.5116,9446035.0
2011-09-07,7.6607,7.8655,7.6141,7.7818,9397774.0
2011-09-08,7.7257,7.7726,7.5488,7.5768,8541432.0
2011-09-09,7.5397,7.7257,7.465,7.5116,10944858.0
2011-09-12,7.465,7.4742,7.2601,7.4182,11047739.0
2011-09-13,7.4465,7.8564,7.3625,7.7446,14513743.0
2011-09-14,7.8284,8.0336,7.5676,7.9215,15807875.0
2011-09-15,7.9962,8.0613,7.9033,8.0149,6468093.0
2011-09-16,8.043,8.3689,8.0336,8.3598,20003207.0
2011-09-19,8.1919,8.2479,7.9406,8.0801,12013547.0
2011-09-20,8.0989,8.2292,7.8935,7.9122,13391372.0
2011-09-21,7.9122,8.0054,7.6887,7.735,11120584.0
2011-09-22,7.5212,7.6607,7.4089,7.4836,20122942.0
2011-09-23,7.493,7.8284,7.4465,7.8099,15000286.0
2011-09-26,7.8935,8.1361,7.8754,8.1172,12910052.0
2011-09-27,8.285,8.3221,7.8935,7.9497,11227726.0
2011-09-28,7.931,8.1081,7.9033,7.9497,15104600.0
2011-09-29,8.0989,8.1267,7.9033,8.043,11025729.0
2011-09-30,7.9113,7.9762,7.4914,7.4914,11151336.0
2011-10-03,7.4742,7.4742,6.8498,6.8498,18672678.0
2011-10-04,6.8686,7.0361,6.6634,6.9896,16899904.0
2011-10-05,7.0361,7.0922,6.8218,7.0549,10911862.0
2011-10-06,7.0922,7.3534,6.9713,7.325,9751046.0
2011-10-07,7.4276,7.4373,7.0361,7.1668,12038579.0
2011-10-10,7.2321,7.4276,7.1668,7.4276,8729385.0
2011-10-11,7.3625,7.6418,7.3158,7.5955,11338377.0
2011-10-12,7.6327,7.8187,7.6236,7.7634,11519050.0
2011-10-13,7.6887,8.0336,7.6236,8.0241,10577109.0
2011-10-14,8.0989,8.0989,7.9033,8.0241,6407826.0
2011-10-17,8.0894,8.1267,7.9497,8.0241,10164194.0
2011-10-18,7.9406,8.304,7.7912,8.22,8766521.0
2011-10-19,8.2292,8.285,8.0894,8.1172,9060373.0
2011-10-20,8.1172,8.6484,8.1172,8.4809,13717761.0
2011-10-21,8.6021,8.6021,8.0801,8.2664,14575403.0
2011-10-24,8.2292,8.5555,8.2292,8.4437,6622052.0
2011-10-25,8.3735,8.3922,8.019,8.1311,9753321.0
2011-10-26,8.2013,8.2384,7.8754,8.043,9473913.0
2011-10-27,8.276,8.3598,8.1455,8.2479,13672778.0
2011-10-28,8.22,8.285,8.0613,8.1825,8588951.0
2011-10-31,8.1164,8.1164,7.9673,7.9673,5983692.0
2011-11-01,7.758,8.0379,7.7022,7.8884,20189443.0
2011-11-02,7.9773,8.0149,7.8655,7.9033,10523717.0
2011-11-03,8.0285,8.0472,7.8606,8.0099,8620141.0
2011-11-04,7.9447,8.019,7.8418,7.9539,7342805.0
2011-11-07,7.9497,8.0336,7.8007,7.8471,8194234.0
2011-11-08,7.8284,7.9684,7.7634,7.8935,8202179.0
2011-11-09,7.7115,7.7675,7.581,7.6183,7052500.0
2011-11-10,7.7115,7.758,7.5249,7.5622,7762298.0
2011-11-11,7.6793,7.7075,7.5955,7.6513,5648012.0
2011-11-14,7.6236,7.7634,7.5303,7.6327,8921725.0
2011-11-15,7.5768,7.6793,7.5397,7.6418,7280199.0
2011-11-16,7.5676,7.6887,7.493,7.5022,7951069.0
2011-11-17,7.493,7.5488,7.1946,7.2507,9045056.0
2011-11-18,7.3196,7.3944,7.236,7.2824,6615340.0
2011-11-21,7.1855,7.2694,7.0922,7.2042,6379695.0
2011-11-22,7.176,7.2601,7.0831,7.1296,8160625.0
2011-11-23,7.0361,7.0831,6.8965,6.8965,8946674.0
2011-11-25,6.9002,7.1425,6.872,6.9932,3987812.0
2011-11-28,7.2081,7.4038,7.1613,7.3386,8477122.0
2011-11-29,7.4128,7.4691,7.2546,7.3944,10736688.0
2011-11-30,7.4441,7.8548,7.4249,7.8082,25563456.0
2011-12-01,7.7393,7.9164,7.6742,7.7675,11742131.0
2011-12-02,7.8327,7.9075,7.7115,7.721,6593177.0
2011-12-05,7.8512,8.019,7.7953,7.898,6909043.0
2011-12-06,7.898,8.0006,7.7953,7.9633,10346109.0
2011-12-07,7.9075,8.0565,7.8327,8.0006,8275198.0
2011-12-08,7.9164,7.9164,7.6928,7.7115,7255507.0
2011-12-09,7.758,7.9724,7.7393,7.87,4662912.0
2011-12-12,7.7767,7.9164,7.6554,7.8606,6502318.0
2011-12-13,7.8884,7.9539,7.5717,7.6088,6943847.0
2011-12-14,7.6088,7.805,7.581,7.6183,8006320.0
2011-12-15,7.721,7.898,7.6554,7.8512,9406522.0
2011-12-16,7.9164,8.1217,7.898,8.1217,15458661.0
2011-12-19,8.1031,8.1217,7.6928,7.7393,6415091.0
2011-12-20,7.87,8.0657,7.8231,7.9075,7850279.0
2011-12-21,7.9257,7.9539,7.721,7.805,5389088.0
2011-12-22,7.7953,7.9257,7.721,7.8327,5924993.0
2011-12-23,7.8327,8.0006,7.7767,8.0006,5254116.0
2011-12-27,7.9447,8.019,7.8231,7.9354,5239778.0
2011-12-28,7.9354,7.9633,7.7953,7.8327,3563269.0
2011-12-29,7.8418,8.0379,7.8327,8.019,3977364.0
2011-12-30,8.0006,8.0565,7.9447,7.9816,4843040.0
2012-01-03,8.1311,8.1682,7.8418,7.8418,9446561.0
2012-01-04,7.8418,8.0285,7.6649,8.019,8131882.0
2012-01-05,7.991,8.0565,7.8231,8.0379,5246497.0
2012-01-06,8.0472,8.1124,7.9447,7.9447,3267480.0
2012-01-09,7.9447,8.0938,7.9447,8.0099,3117390.0
2012-01-10,8.0844,8.1311,8.0006,8.1217,3893362.0
2012-01-11,8.1124,8.308,8.0657,8.2804,5722926.0
2012-01-12,8.3171,8.3922,8.0938,8.364,5648363.0
2012-01-13,8.2994,8.3826,8.1499,8.243,3768646.0
2012-01-17,8.3311,8.4338,8.2471,8.3405,4663902.0
2012-01-18,8.3171,8.5505,8.2245,8.4107,5956216.0
2012-01-19,8.4854,8.7371,8.4391,8.6721,8575450.0
2012-01-20,8.8957,8.9142,8.7186,8.7651,11713020.0
2012-01-23,8.8024,8.8211,8.5875,8.6531,5012199.0
2012-01-24,8.6068,8.6721,8.5134,8.5412,5799902.0
2012-01-25,8.6531,8.9793,8.6437,8.8677,10427000.0
2012-01-26,8.8957,9.1198,8.6721,8.7462,9573076.0
2012-01-27,8.7276,9.0159,8.6998,8.9704,5582082.0
2012-01-30,8.8957,8.9234,8.6998,8.7462,7923073.0
2012-01-31,8.7788,8.9469,8.6019,8.9377,7587741.0
2012-02-01,9.0438,9.1379,8.9142,9.0815,6152003.0
2012-02-02,9.1102,9.1745,9.0253,9.0912,4599558.0
2012-02-03,9.1838,9.3718,9.1473,9.3617,6489825.0
2012-02-06,9.2864,9.3145,9.0438,9.0912,4657726.0
2012-02-07,9.0581,9.161,8.9563,8.9929,6814808.0
2012-02-08,8.984,9.0959,8.9377,8.984,4362094.0
2012-02-09,8.984,9.1341,8.8536,9.1246,6024329.0
2012-02-10,9.0581,9.0959,8.9005,8.9749,3759994.0
2012-02-13,8.9979,9.1198,8.9515,9.0618,4868972.0
2012-02-14,9.035,9.0535,8.8677,8.9424,3892266.0
2012-02-15,8.9654,9.0486,8.8629,8.8908,4424337.0
2012-02-16,8.8769,8.9892,8.7932,8.9424,3968371.0
2012-02-17,9.0209,9.0667,8.7975,8.7975,6111664.0
2012-02-21,8.8255,8.8349,8.4056,8.4896,7630982.0
2012-02-22,8.4242,8.5364,8.35,8.4147,5921186.0
2012-02-23,8.4242,8.4338,8.1818,8.2753,7284033.0
2012-02-24,8.3033,8.3405,8.0885,8.098,4517334.0
2012-02-27,8.1164,8.2842,8.0885,8.2285,4545521.0
2012-02-28,8.1818,8.35,8.1632,8.35,6435915.0
2012-02-29,8.3122,8.4434,8.2191,8.3776,6887172.0
2012-03-01,8.4616,8.4896,8.2658,8.2842,7769770.0
2012-03-02,8.2842,8.499,8.2753,8.3592,5402603.0
2012-03-05,8.3122,8.3122,8.0511,8.1539,8215386.0
2012-03-06,8.0511,8.2005,7.9581,8.0231,6687653.0
2012-03-07,8.0697,8.0885,7.8924,7.9203,7453109.0
2012-03-08,7.9396,7.9857,7.8643,7.9298,5066193.0
2012-03-09,7.9298,8.0231,7.8834,7.9113,5230221.0
2012-03-12,7.7899,7.8366,7.6687,7.7246,6331559.0
2012-03-13,7.7713,7.8553,7.65,7.846,7137096.0
2012-03-14,7.8366,7.8643,7.4914,7.6313,14922481.0
2012-03-15,7.6222,7.9298,7.5196,7.8834,16409979.0
2012-03-16,7.9298,7.9581,7.7156,7.7528,18235553.0
2012-03-19,7.7808,7.8743,7.7062,7.846,6235259.0
2012-03-20,7.7899,7.8553,7.7156,7.8273,8898374.0
2012-03-21,7.8273,7.8643,7.7432,7.762,6521654.0
2012-03-22,7.7338,7.7528,7.6035,7.6406,5879189.0
2012-03-23,7.6313,7.7062,7.5848,7.6781,7098588.0
2012-03-26,7.7528,7.7899,7.6035,7.7899,12971953.0
2012-03-27,7.7899,7.7995,7.6594,7.6781,6472185.0
2012-03-28,7.7156,7.9021,7.7062,7.7995,8861456.0
2012-03-29,7.7432,7.8743,7.6222,7.8366,9247847.0
2012-03-30,7.846,7.846,7.6128,7.6873,9528613.0
2012-04-02,7.6687,7.7713,7.6035,7.7062,9751579.0
2012-04-03,7.6967,7.7808,7.6035,7.65,10583044.0
2012-04-04,7.762,7.9298,7.7432,7.8177,13380103.0
2012-04-05,7.8366,7.9021,7.7246,7.7528,4800535.0
2012-04-09,7.6313,7.7432,7.5848,7.6687,6653914.0
2012-04-10,7.6128,7.6687,7.3698,7.3794,11069576.0
2012-04-11,7.4728,7.4821,7.3698,7.4167,5837714.0
2012-04-12,7.4451,7.6406,7.4451,7.5941,6972954.0
2012-04-13,7.5567,7.5567,7.3891,7.4075,11296463.0
2012-04-16,7.4357,7.566,7.3794,7.454,7872320.0
2012-04-17,7.5278,7.5558,7.4718,7.5373,7717022.0
2012-04-18,7.5196,7.5567,7.3234,7.361,11343938.0
2012-04-19,7.5288,7.7432,7.4075,7.6781,15724783.0
2012-04-20,7.6687,7.7338,7.3516,7.3794,16035230.0
2012-04-23,7.3142,7.4075,7.2395,7.3516,11394653.0
2012-04-24,7.3516,7.5567,7.3516,7.4821,10625201.0
2012-04-25,7.5383,7.6313,7.3981,7.4451,7132496.0
2012-04-26,7.5101,7.5941,7.4821,7.5474,9534119.0
2012-04-27,7.6035,7.7338,7.5567,7.6967,10216188.0
2012-04-30,7.6687,7.7338,7.6128,7.7246,6619803.0
2012-05-01,7.696,7.7892,7.6773,7.7241,7604579.0
2012-05-02,7.6687,7.7713,7.5474,7.6222,7810378.0
2012-05-03,7.6304,7.8082,7.5745,7.668,7995224.0
2012-05-04,7.7062,7.7432,7.5288,7.5567,8919526.0
2012-05-07,7.566,7.7899,7.5567,7.7062,8959987.0
2012-05-08,7.6781,7.7432,7.65,7.7156,6898956.0
2012-05-09,7.6866,7.7241,7.5558,7.6492,8533518.0
2012-05-10,7.7054,7.7425,7.5558,7.5558,6063861.0
2012-05-11,7.5558,7.6027,7.4998,7.5092,7808856.0
2012-05-14,7.4821,7.5848,7.4634,7.5383,9265714.0
2012-05-15,7.5101,7.6035,7.5008,7.5288,5434035.0
2012-05-16,7.5567,7.7156,7.5288,7.6594,8957547.0
2012-05-17,7.6873,7.8177,7.5101,7.7899,22321716.0
2012-05-18,7.8082,7.8082,7.5839,7.6027,16690603.0
2012-05-21,7.6313,7.7995,7.6128,7.7808,13767084.0
2012-05-22,7.7808,7.7899,7.65,7.7156,10831524.0
2012-05-23,7.6873,7.8087,7.5101,7.7995,12847148.0
2012-05-24,7.8087,8.2563,7.8087,8.1539,14657080.0
2012-05-25,8.1909,8.2562,8.1071,8.172,8931674.0
2012-05-29,8.2657,8.3684,8.2284,8.3405,6719864.0
2012-05-30,8.2562,8.3405,8.172,8.2752,9559484.0
2012-05-31,8.3033,8.5269,8.2471,8.4242,14216164.0
2012-06-01,8.3032,8.4992,8.247,8.35,15964422.0
2012-06-04,8.2657,8.3592,8.0322,8.0322,14382390.0
2012-06-05,8.0322,8.1349,8.0136,8.0882,9408405.0
2012-06-06,8.172,8.35,8.163,8.2191,9167382.0
2012-06-07,8.3214,8.5458,8.2657,8.2752,10189384.0
2012-06-08,8.2562,8.4898,8.2562,8.4617,10728067.0
2012-06-11,8.5086,8.5366,8.3592,8.3872,8348412.0
2012-06-12,8.4898,8.5458,8.3776,8.3966,10446381.0
2012-06-13,8.3872,8.6395,8.3684,8.5833,9924712.0
2012-06-14,8.5925,8.7793,8.5366,8.5925,12842440.0
2012-06-15,8.6395,8.6484,8.2752,8.3405,17242287.0
2012-06-18,8.3311,8.4617,8.2191,8.4339,9252821.0
2012-06-19,8.4617,8.6302,8.4057,8.6205,7044967.0
2012-06-20,8.6395,8.7236,8.5177,8.6952,11458230.0
2012-06-21,8.714,8.7419,8.5553,8.602,13083560.0
2012-06-22,8.6767,8.7512,8.5739,8.602,11846634.0
2012-06-25,8.4992,8.5458,8.1816,8.1816,12075714.0
2012-06-26,8.2191,8.35,8.1349,8.2841,13254091.0
2012-06-27,8.35,8.5925,8.2752,8.5366,9979786.0
2012-06-28,8.5366,8.602,8.3405,8.602,7843970.0
2012-06-29,8.7236,8.7979,8.5739,8.6114,14178478.0
2012-07-02,8.686,8.7327,8.4714,8.6952,12603986.0
2012-07-03,8.6578,8.686,8.5645,8.6674,5353847.0
2012-07-05,8.6302,8.6578,8.4617,8.5458,7598145.0
2012-07-06,8.4617,8.6767,8.4617,8.6578,5880711.0
2012-07-09,8.6205,8.714,8.5366,8.6302,7264523.0
2012-07-10,8.8073,9.1256,8.8073,8.9939,18656177.0
2012-07-11,9.0121,9.0218,8.9102,8.9288,9198332.0
2012-07-12,8.8355,8.9012,8.6952,8.6952,9547032.0
2012-07-13,8.7512,8.8914,8.7327,8.8167,8040874.0
2012-07-16,8.8542,8.9012,8.7419,8.7979,9225184.0
2012-07-17,8.8355,8.8727,8.7419,8.7701,9855214.0
2012-07-18,8.7327,8.9383,8.7327,8.7979,9996262.0
2012-07-19,9.1523,9.1717,8.4806,8.5458,16819628.0
2012-07-20,8.5739,8.6395,8.2376,8.2752,13444126.0
2012-07-23,8.1444,8.1816,8.0417,8.1349,8680194.0
2012-07-24,8.172,8.2003,7.9108,8.0882,11647186.0
2012-07-25,8.0601,8.1444,7.8919,7.9108,9368049.0
2012-07-26,8.0227,8.1161,7.948,8.1071,8773442.0
2012-07-27,8.1349,8.3311,8.1161,8.3122,10148602.0
2012-07-30,8.2841,8.6114,8.2657,8.5458,15174907.0
2012-07-31,8.5086,8.6395,8.4714,8.5833,9160747.0
2012-08-01,8.5833,8.6205,8.4521,8.5739,11402779.0
2012-08-02,8.4617,8.5366,8.3032,8.35,12148466.0
2012-08-03,8.4243,8.6674,8.3872,8.5271,8090561.0
2012-08-06,8.5458,8.6674,8.5458,8.6484,5713059.0
2012-08-07,8.6767,8.7327,8.4617,8.4898,11960286.0
2012-08-08,8.4243,8.602,8.3592,8.4992,6541719.0
2012-08-09,8.4714,8.5366,8.4243,8.4434,6956702.0
2012-08-10,8.4057,8.4714,8.3311,8.4714,4471401.0
2012-08-13,8.4339,8.5177,8.3776,8.5177,7118445.0
2012-08-14,8.4338,8.5177,8.3309,8.4242,10342990.0
2012-08-15,8.3774,8.452,8.3682,8.4338,5491465.0
2012-08-16,8.4434,8.4992,8.4147,8.4806,7553720.0
2012-08-17,8.5177,8.5553,8.4713,8.5366,6148325.0
2012-08-20,8.5086,8.8731,8.4898,8.8265,15489093.0
2012-08-21,8.8076,8.9016,8.7982,8.8451,15340703.0
2012-08-22,8.8265,8.8451,8.6862,8.7142,8830158.0
2012-08-23,8.7238,8.7703,8.6769,8.6954,9436407.0
2012-08-24,8.658,8.7142,8.6021,8.6115,6371384.0
2012-08-27,8.6115,8.6395,8.4713,8.4806,5722522.0
2012-08-28,8.4616,8.5086,8.3498,8.3965,8415420.0
2012-08-29,8.387,8.4056,8.2373,8.312,5214283.0
2012-08-30,8.2749,8.452,8.2559,8.3774,4426029.0
2012-08-31,8.4338,8.5086,8.3403,8.359,5054621.0
2012-09-04,8.3498,8.3498,8.1999,8.2749,6303501.0
2012-09-05,8.2467,8.5177,8.2467,8.4992,6936662.0
2012-09-06,8.5366,8.7142,8.4616,8.6115,7231822.0
2012-09-07,8.5553,8.658,8.4434,8.5926,9534898.0
2012-09-10,8.6303,8.6769,8.5366,8.5553,6102771.0
2012-09-11,8.5366,8.5366,8.3682,8.3682,7633420.0
2012-09-12,8.387,8.658,8.3774,8.5834,8859246.0
2012-09-13,8.5553,8.5834,8.4242,8.5177,6702432.0
2012-09-14,8.5177,8.5366,8.4338,8.4806,5640756.0
2012-09-17,8.4242,8.5177,8.3212,8.4616,8965122.0
2012-09-18,8.4616,8.4713,8.2838,8.3403,6089989.0
2012-09-19,8.4056,8.5458,8.3774,8.4713,7983804.0
2012-09-20,8.4147,8.4616,8.2937,8.359,4200129.0
2012-09-21,8.4338,8.452,8.2281,8.2654,8017547.0
2012-09-24,8.2467,8.4056,8.2187,8.312,5363418.0
2012-09-25,8.2937,8.3682,8.2467,8.2654,5760949.0
2012-09-26,8.2467,8.3965,8.2467,8.3403,4985135.0
2012-09-27,8.3498,8.3774,8.2281,8.3029,5668910.0
2012-09-28,8.2937,8.2937,8.1812,8.1999,6721909.0
2012-10-01,8.2092,8.359,8.1812,8.2838,6829228.0
2012-10-02,8.2749,8.3965,8.2749,8.3965,9599083.0
2012-10-03,8.4147,8.5458,8.3498,8.5458,12755106.0
2012-10-04,8.5646,8.5646,8.4616,8.5086,6821224.0
2012-10-05,8.4713,8.574,8.2654,8.387,9933352.0
2012-10-08,8.4056,8.4434,8.2838,8.2838,5615048.0
2012-10-09,8.2749,8.312,8.1717,8.1812,4715068.0
2012-10-10,8.2092,8.2937,8.1345,8.1999,5511183.0
2012-10-11,8.2281,8.2559,8.144,8.144,4562589.0
2012-10-12,8.1156,8.3029,8.1156,8.2654,6407495.0
2012-10-15,8.2937,8.3403,8.2373,8.312,4382537.0
2012-10-16,8.3309,8.4147,8.2838,8.3029,6035387.0
2012-10-17,8.312,8.4434,8.2749,8.3682,4841737.0
2012-10-18,8.3965,8.5086,8.3682,8.3965,13111870.0
2012-10-19,8.4434,8.5086,8.2838,8.3029,5591522.0
2012-10-22,8.3212,8.3682,8.1345,8.2559,7708379.0
2012-10-23,8.2092,8.2559,8.1156,8.2187,11270516.0
2012-10-24,8.2373,8.3029,8.144,8.1812,5430997.0
2012-10-25,8.2281,8.3403,8.1717,8.2559,6180657.0
2012-10-26,8.2654,8.3212,8.125,8.1717,5220749.0
2012-10-31,8.1812,8.3403,8.1717,8.2467,4255814.0
2012-11-01,8.2467,8.4806,8.2467,8.4616,6709975.0
2012-11-02,8.4806,8.5086,8.3682,8.4434,6872777.0
2012-11-05,8.4434,8.4992,8.4056,8.452,4349338.0
2012-11-06,8.452,8.5646,8.3965,8.5553,7894063.0
2012-11-07,8.4713,8.5366,8.3498,8.4242,5326954.0
2012-11-08,8.4242,8.6206,8.4056,8.5834,6143550.0
2012-11-09,8.5458,8.7048,8.4434,8.4713,9965656.0
2012-11-12,8.4898,8.5366,8.387,8.4806,5543461.0
2012-11-13,8.4242,8.6115,8.4147,8.4434,4699777.0
2012-11-14,8.4434,8.5086,8.1812,8.1905,9400008.0
2012-11-15,8.1717,8.3682,8.1717,8.2654,7365634.0
2012-11-16,8.2467,8.359,8.1345,8.3498,9274534.0
2012-11-19,8.4147,8.5177,8.3403,8.5086,5727635.0
2012-11-20,8.5271,8.5553,8.4056,8.5177,7780256.0
2012-11-21,8.5177,8.6769,8.4713,8.6303,6115982.0
2012-11-23,8.6395,8.761,8.6115,8.761,2835461.0
2012-11-26,8.6954,8.7893,8.5646,8.7893,6698283.0
2012-11-27,8.761,8.8265,8.6862,8.6862,7097721.0
2012-11-28,8.6862,8.8639,8.6395,8.8171,7553560.0
2012-11-29,8.8451,8.9293,8.8171,8.8825,8093651.0
2012-11-30,8.8825,8.9575,8.8451,8.9106,7418866.0
2012-12-03,8.9575,8.9575,8.8076,8.8265,4868404.0
2012-12-04,8.8639,9.0589,8.8639,9.0131,8853922.0
2012-12-05,8.9763,9.1907,8.9763,9.163,14654761.0
2012-12-06,9.163,9.2474,9.1444,9.2474,6761246.0
2012-12-07,9.2284,9.2566,9.1074,9.1808,5335341.0
2012-12-10,9.1266,9.2854,9.0783,9.2095,4732813.0
2012-12-11,9.2474,9.549,9.2184,9.4725,10184185.0
2012-12-12,9.4825,9.519,9.3213,9.3797,9473991.0
2012-12-13,9.3866,9.576,9.3597,9.4915,5870276.0
2012-12-14,9.529,9.743,9.4825,9.539,10302694.0
2012-12-17,9.595,9.76,9.586,9.698,11792048.0
2012-12-18,9.698,9.835,9.679,9.825,6545454.0
2012-12-19,9.76,9.931,9.726,9.883,6783095.0
2012-12-20,9.902,9.902,9.76,9.864,7684889.0
2012-12-21,9.77,9.874,9.689,9.788,9848090.0
2012-12-24,9.797,9.854,9.708,9.76,2031705.0
2012-12-26,9.752,9.825,9.642,9.651,3743589.0
2012-12-27,9.661,9.708,9.4825,9.604,4904468.0
2012-12-28,9.539,9.604,9.509,9.509,3653301.0
2012-12-31,9.4915,9.595,9.4537,9.586,5893539.0
2013-01-02,9.779,9.825,9.698,9.797,6428791.0
2013-01-03,9.788,10.083,9.76,10.034,9600328.0
2013-01-04,10.064,10.22,10.044,10.183,7355919.0
2013-01-07,10.202,10.314,10.111,10.211,7352720.0
2013-01-08,10.511,10.549,10.295,10.324,11209238.0
2013-01-09,10.334,10.445,10.238,10.295,9055997.0
2013-01-10,10.381,10.381,10.238,10.361,9350148.0
2013-01-11,10.381,10.445,10.295,10.342,7641852.0
2013-01-14,10.342,10.418,10.304,10.314,8580959.0
2013-01-15,10.275,10.418,10.238,10.371,12116668.0
2013-01-16,10.342,10.623,10.342,10.558,14110699.0
2013-01-17,10.613,10.699,10.455,10.669,8784718.0
2013-01-18,10.65,10.718,10.437,10.539,7825480.0
2013-01-22,10.558,10.858,10.474,10.746,10035198.0
2013-01-23,10.83,10.849,10.585,10.632,14712440.0
2013-01-24,10.736,10.875,10.65,10.718,11833611.0
2013-01-25,10.728,10.812,10.689,10.709,8155395.0
2013-01-28,10.802,10.802,10.642,10.699,6525240.0
2013-01-29,10.623,10.689,10.483,10.603,8182217.0
2013-01-30,10.632,10.669,10.511,10.521,11664126.0
2013-01-31,10.501,10.65,10.492,10.492,10389978.0
2013-02-01,10.568,10.718,10.501,10.511,10493013.0
2013-02-04,10.501,10.65,10.437,10.465,11728478.0
2013-02-05,10.558,10.632,10.501,10.549,8885683.0
2013-02-06,10.521,10.764,10.492,10.736,9986230.0
2013-02-07,10.736,10.905,10.679,10.865,8487725.0
2013-02-08,10.858,10.98,10.793,10.895,6981845.0
2013-02-11,10.925,11.008,10.885,10.905,4783776.0
2013-02-12,10.905,10.915,10.774,10.812,4017004.0
2013-02-13,10.83,10.915,10.802,10.865,4221690.0
2013-02-14,10.858,10.858,10.65,10.736,8633347.0
2013-02-15,10.793,11.008,10.764,10.858,7431196.0
2013-02-19,10.895,10.954,10.821,10.954,5270059.0
2013-02-20,10.915,10.944,10.679,10.699,4901371.0
2013-02-21,10.728,10.746,10.585,10.718,6877107.0
2013-02-22,10.718,10.885,10.718,10.858,5025725.0
2013-02-25,10.885,10.971,10.585,10.594,6554005.0
2013-02-26,10.623,10.679,10.511,10.669,6321624.0
2013-02-27,10.65,11.062,10.65,11.062,6779572.0
2013-02-28,11.062,11.126,10.895,10.954,8501049.0
2013-03-01,10.915,11.182,10.915,11.062,6042663.0
2013-03-04,11.008,11.317,10.999,11.27,9008469.0
2013-03-05,11.367,11.384,11.221,11.347,8823997.0
2013-03-06,11.403,11.441,11.221,11.289,5926498.0
2013-03-07,11.211,11.357,11.182,11.327,7123080.0
2013-03-08,11.477,11.521,11.377,11.485,7336090.0
2013-03-11,11.422,11.55,11.307,11.55,8719818.0
2013-03-12,11.558,11.672,11.511,11.558,8125776.0
2013-03-13,11.566,11.738,11.566,11.663,6030079.0
2013-03-14,11.672,11.758,11.585,11.758,5482361.0
2013-03-15,11.73,11.758,11.576,11.594,8966654.0
2013-03-18,11.511,11.804,11.377,11.768,4893530.0
2013-03-19,11.804,11.886,11.7,11.841,4448867.0
2013-03-20,11.878,12.029,11.822,11.981,5969345.0
2013-03-21,11.914,12.084,11.914,11.952,6304354.0
2013-03-22,11.981,12.111,11.814,12.058,8169979.0
2013-03-25,12.131,12.168,11.942,12.048,7714405.0
2013-03-26,12.029,12.234,12.009,12.131,9786876.0
2013-03-27,12.048,12.412,12.029,12.357,9068396.0
2013-03-28,12.412,12.722,12.375,12.627,12604423.0
2013-04-01,12.617,12.657,12.347,12.393,6763229.0
2013-04-02,12.365,12.385,11.822,11.878,13905319.0
2013-04-03,11.886,12.058,11.69,11.748,12730748.0
2013-04-04,11.748,12.038,11.748,11.991,8083648.0
2013-04-05,11.738,12.019,11.653,12.0,7273332.0
2013-04-08,12.019,12.131,11.841,12.111,7770026.0
2013-04-09,12.111,12.216,11.981,12.084,7123369.0
2013-04-10,12.084,12.31,12.084,12.216,6999310.0
2013-04-11,12.234,12.412,12.177,12.264,7348118.0
2013-04-12,12.254,12.385,12.207,12.319,5220539.0
2013-04-15,12.282,12.365,11.814,11.869,10055489.0
2013-04-16,12.048,12.347,12.0,12.347,8757984.0
2013-04-17,12.282,12.365,12.084,12.319,7217126.0
2013-04-18,12.329,12.329,12.103,12.16,4017504.0
2013-04-19,12.197,12.553,12.141,12.494,5257158.0
2013-04-22,12.608,12.627,12.282,12.339,7836696.0
2013-04-23,12.357,12.599,12.31,12.494,8166802.0
2013-04-24,12.534,12.599,12.357,12.57,7658907.0
2013-04-25,12.748,12.748,12.485,12.57,8565394.0
2013-04-26,12.637,12.675,12.458,12.543,6064216.0
2013-04-29,12.589,12.739,12.553,12.685,5285065.0
2013-04-30,12.694,12.903,12.627,12.835,7257897.0
2013-05-01,12.845,12.947,12.553,12.627,6247733.0
2013-05-02,12.637,12.956,12.627,12.893,5557205.0
2013-05-03,13.009,13.218,12.956,13.179,7750138.0
2013-05-06,13.189,13.413,13.142,13.351,4763136.0
2013-05-07,13.368,13.442,13.312,13.332,6624631.0
2013-05-08,13.368,13.575,13.332,13.423,5157199.0
2013-05-09,13.462,13.508,13.17,13.199,5477864.0
2013-05-10,13.218,13.368,13.209,13.265,5299394.0
2013-05-13,13.255,13.275,13.056,13.065,7220037.0
2013-05-14,13.095,13.218,13.075,13.095,10660865.0
2013-05-15,13.095,13.556,13.095,13.433,18003021.0
2013-05-16,13.462,13.575,13.142,13.246,9903274.0
2013-05-17,13.442,13.538,13.394,13.472,12277200.0
2013-05-20,13.472,13.631,13.236,13.351,8439003.0
2013-05-21,13.332,13.639,13.332,13.404,13703034.0
2013-05-22,13.394,13.481,13.075,13.142,8207345.0
2013-05-23,13.019,13.489,12.992,13.462,10495969.0
2013-05-24,13.361,13.442,13.17,13.377,7683168.0
2013-05-28,13.489,13.528,13.255,13.368,8352111.0
2013-05-29,13.294,13.377,13.17,13.236,7658380.0
2013-05-30,13.284,13.462,13.284,13.368,7480884.0
2013-05-31,13.322,13.454,13.275,13.275,9335236.0
2013-06-03,13.322,13.413,13.001,13.151,8161163.0
2013-06-04,13.141,13.342,12.964,13.075,8982844.0
2013-06-05,13.038,13.075,12.756,12.806,9270255.0
2013-06-06,12.746,12.853,12.392,12.683,13678443.0
2013-06-07,12.824,13.095,12.806,13.038,9050521.0
2013-06-10,13.095,13.209,13.047,13.132,5413160.0
2013-06-11,12.982,13.199,12.902,13.103,6940558.0
2013-06-12,13.218,13.245,12.938,13.028,5481880.0
2013-06-13,13.008,13.209,12.973,13.132,6148865.0
2013-06-14,13.075,13.16,12.991,13.028,5461300.0
2013-06-17,13.085,13.095,12.833,12.946,8414901.0
2013-06-18,12.964,13.056,12.872,13.018,5065710.0
2013-06-19,13.018,13.028,12.862,12.862,6436888.0
2013-06-20,12.737,12.872,12.692,12.711,8168480.0
2013-06-21,12.806,12.882,12.54,12.665,8815413.0
2013-06-24,12.54,12.54,12.326,12.502,11424106.0
2013-06-25,12.56,12.625,12.484,12.54,6726796.0
2013-06-26,12.383,12.456,12.137,12.184,10143945.0
2013-06-27,12.232,12.427,12.015,12.251,8855023.0
2013-06-28,12.204,12.261,12.054,12.108,8005289.0
2013-07-01,12.175,12.446,12.156,12.316,4989488.0
2013-07-02,12.299,12.326,11.901,11.938,6549989.0
2013-07-03,11.901,12.1,11.82,11.938,3612987.0
2013-07-05,11.997,12.082,11.938,12.015,3970106.0
2013-07-08,12.082,12.127,11.988,12.127,5819655.0
2013-07-09,12.184,12.354,12.147,12.307,5353303.0
2013-07-10,12.299,12.446,12.175,12.344,5674692.0
2013-07-11,12.446,12.522,12.299,12.484,6326054.0
2013-07-12,12.484,12.665,12.436,12.645,5574674.0
2013-07-15,12.645,12.746,12.568,12.665,3488397.0
2013-07-16,12.701,12.786,12.568,12.587,4416612.0
2013-07-17,12.615,12.955,12.364,12.825,8589155.0
2013-07-18,12.816,13.056,12.72,12.946,9104723.0
2013-07-19,12.982,13.056,12.892,12.973,4700462.0
2013-07-22,12.946,13.038,12.911,13.028,3456976.0
2013-07-23,13.028,13.075,12.902,13.047,5176706.0
2013-07-24,13.103,13.17,12.92,12.929,6525122.0
2013-07-25,12.796,12.973,12.436,12.973,11653691.0
2013-07-26,12.825,12.964,12.655,12.955,5896773.0
2013-07-29,12.938,12.964,12.825,12.872,4706325.0
2013-07-30,12.938,13.132,12.833,12.982,7181362.0
2013-07-31,13.018,13.103,12.946,12.991,4483397.0
2013-08-01,13.065,13.362,13.065,13.342,5520093.0
2013-08-02,13.284,13.362,13.209,13.332,5426902.0
2013-08-05,13.275,13.377,13.235,13.235,3110922.0
2013-08-06,13.235,13.275,12.991,13.037,3823985.0
2013-08-07,13.0,13.122,12.91,12.973,6758315.0
2013-08-08,13.055,13.103,12.982,13.055,5781634.0
2013-08-09,13.017,13.103,12.901,12.945,5578907.0
2013-08-12,12.891,13.027,12.852,12.928,3316477.0
2013-08-13,12.973,13.017,12.454,12.692,13971940.0
2013-08-14,12.682,12.804,12.482,12.719,9511542.0
2013-08-15,12.604,12.663,12.482,12.548,5205461.0
2013-08-16,12.575,12.745,12.548,12.567,5421634.0
2013-08-19,12.5,12.5,12.238,12.351,7574229.0
2013-08-20,12.333,12.491,12.286,12.389,4950429.0
2013-08-21,12.37,12.417,12.277,12.296,5378577.0
2013-08-22,12.313,12.491,12.304,12.425,3846590.0
2013-08-23,12.472,12.519,12.38,12.5,4113433.0
2013-08-26,12.51,12.585,12.434,12.5,4245528.0
2013-08-27,12.342,12.38,12.003,12.06,6807917.0
2013-08-28,12.041,12.096,11.935,12.031,5403295.0
2013-08-29,12.022,12.134,11.916,12.05,6565391.0
2013-08-30,12.086,12.181,12.012,12.069,4083917.0
2013-09-03,12.22,12.286,11.994,12.078,5687861.0
2013-09-04,12.124,12.268,12.078,12.258,5216547.0
2013-09-05,12.277,12.38,12.22,12.333,4453720.0
2013-09-06,12.361,12.491,12.191,12.342,5420240.0
2013-09-09,12.286,12.548,12.229,12.5,6646323.0
2013-09-10,12.585,13.094,12.585,13.094,9346468.0
2013-09-11,13.064,13.151,12.919,13.047,7640033.0
2013-09-12,13.055,13.094,12.901,12.954,5575814.0
2013-09-13,12.964,13.16,12.964,13.094,4391905.0
2013-09-16,13.245,13.473,13.209,13.284,8792443.0
2013-09-17,13.414,13.473,13.275,13.395,5992596.0
2013-09-18,13.362,13.5,13.209,13.424,7082809.0
2013-09-19,13.434,13.735,13.395,13.698,12558301.0
2013-09-20,13.78,13.81,13.529,13.577,8102801.0
2013-09-23,13.597,13.67,13.481,13.597,5341245.0
2013-09-24,13.624,13.962,13.597,13.848,8318614.0
2013-09-25,13.868,13.878,13.651,13.743,7309465.0
2013-09-26,13.735,13.896,13.708,13.848,3883672.0
2013-09-27,13.717,13.905,13.606,13.79,4191054.0
2013-09-30,13.624,13.79,13.294,13.717,6371338.0
2013-10-01,13.735,13.971,13.717,13.878,5466998.0
2013-10-02,13.878,13.924,13.641,13.818,5744933.0
2013-10-03,13.753,13.905,13.651,13.868,6372428.0
2013-10-04,13.828,14.065,13.79,14.028,5458023.0
2013-10-07,13.934,14.144,13.878,14.008,7041985.0
2013-10-08,14.028,14.144,13.962,13.962,7666882.0
2013-10-09,13.981,14.197,13.953,14.085,8659586.0
2013-10-10,14.207,14.263,14.124,14.244,6536878.0
2013-10-11,14.226,14.43,14.179,14.348,5421898.0
2013-10-14,14.263,14.44,14.234,14.422,4015109.0
2013-10-15,14.413,14.497,14.321,14.321,5093506.0
2013-10-16,14.366,14.707,14.366,14.698,6172506.0
2013-10-17,14.773,15.177,14.743,15.083,8491634.0
2013-10-18,15.16,15.243,15.103,15.142,5279441.0
2013-10-21,15.123,15.216,15.037,15.16,5602073.0
2013-10-22,15.234,15.614,15.234,15.411,7853371.0
2013-10-23,15.401,15.623,15.29,15.458,9590516.0
2013-10-24,15.707,16.064,15.639,16.036,8860682.0
2013-10-25,16.064,16.336,15.843,16.176,9426437.0
2013-10-28,16.204,16.232,16.027,16.108,8613884.0
2013-10-29,16.176,16.336,16.064,16.167,8469063.0
2013-10-30,16.214,16.281,15.94,16.138,8415388.0
2013-10-31,16.148,16.309,16.092,16.223,6945358.0
2013-11-01,16.251,16.477,16.204,16.46,6151297.0
2013-11-04,16.514,17.08,16.514,16.834,9961562.0
2013-11-05,16.89,17.024,16.637,16.834,12405297.0
2013-11-06,16.949,17.042,16.667,16.77,9389480.0
2013-11-07,16.825,16.939,16.505,16.553,11026155.0
2013-11-08,16.569,16.742,16.553,16.667,10117069.0
2013-11-11,16.722,16.872,16.704,16.78,5787492.0
2013-11-12,16.714,17.467,16.714,16.987,16770150.0
2013-11-13,16.949,17.042,16.881,16.959,8151615.0
2013-11-14,17.138,17.325,17.042,17.129,6421040.0
2013-11-15,17.182,17.279,16.949,17.11,7505679.0
2013-11-18,17.165,17.345,16.996,17.09,6601723.0
2013-11-19,17.1,17.354,17.08,17.119,8132882.0
2013-11-20,17.146,17.287,16.92,16.968,6772559.0
2013-11-21,17.07,17.448,17.061,17.381,7289603.0
2013-11-22,17.4,17.495,17.296,17.486,7434007.0
2013-11-25,17.521,17.713,17.457,17.477,4932488.0
2013-11-26,17.539,17.731,17.345,17.467,5915381.0
2013-11-27,17.579,17.874,17.539,17.854,5067646.0
2013-11-29,17.864,17.864,17.486,17.512,3968443.0
2013-12-02,17.539,17.74,17.495,17.53,5837135.0
2013-12-03,17.467,17.467,17.08,17.221,7246604.0
2013-12-04,17.146,17.165,16.704,16.862,9990230.0
2013-12-05,16.872,17.182,16.862,16.959,8151043.0
2013-12-06,17.129,17.315,16.996,17.251,5049353.0
2013-12-09,17.251,17.512,17.241,17.429,6068662.0
2013-12-10,17.457,17.769,17.429,17.54,6136861.0
2013-12-11,17.531,17.59,16.948,16.968,10532073.0
2013-12-12,17.287,17.787,17.191,17.74,12138263.0
2013-12-13,17.825,17.875,17.381,17.59,6808700.0
2013-12-16,17.693,17.76,17.391,17.684,5619418.0
2013-12-17,17.684,17.684,17.296,17.296,6029333.0
2013-12-18,17.409,17.629,17.181,17.619,6333597.0
2013-12-19,17.675,17.731,17.335,17.58,5006352.0
2013-12-20,17.619,17.882,17.531,17.806,10940117.0
2013-12-23,17.892,17.919,17.675,17.835,4984135.0
2013-12-24,17.815,17.892,17.75,17.875,1562243.0
2013-12-26,17.882,17.91,17.75,17.875,2576460.0
2013-12-27,17.919,17.937,17.56,17.693,3040389.0
2013-12-30,17.75,17.865,17.693,17.777,3147590.0
2013-12-31,17.788,17.882,17.713,17.788,3042001.0
2014-01-02,17.797,18.023,17.731,17.825,4829013.0
2014-01-03,17.892,18.421,17.892,18.336,9224046.0
2014-01-06,18.392,18.535,18.004,18.081,8606170.0
2014-01-07,18.165,18.573,18.165,18.44,7655688.0
2014-01-08,18.449,19.081,18.326,19.053,12200923.0
2014-01-09,19.269,19.706,19.206,19.604,12820683.0
2014-01-10,19.614,19.971,19.448,19.854,7410997.0
2014-01-13,19.989,20.016,19.487,19.564,7090790.0
2014-01-14,19.641,20.252,19.641,20.232,12264843.0
2014-01-15,20.722,20.751,19.75,19.98,10424879.0
2014-01-16,19.999,20.288,19.961,20.262,8484090.0
2014-01-17,20.363,20.526,19.989,20.035,6448050.0
2014-01-21,20.461,20.62,20.063,20.111,8648951.0
2014-01-22,20.461,20.583,20.222,20.555,8636163.0
2014-01-23,20.685,20.866,19.658,20.053,15966372.0
2014-01-24,20.166,20.222,19.564,19.676,11962501.0
2014-01-27,19.676,19.815,19.091,19.458,8819475.0
2014-01-28,19.759,20.242,19.676,20.121,10465189.0
2014-01-29,19.902,20.363,19.361,19.458,13117769.0
2014-01-30,19.641,20.14,19.631,20.035,12144785.0
2014-01-31,19.797,20.073,19.713,19.777,10073141.0
2014-02-03,19.806,19.844,19.206,19.288,12046876.0
2014-02-04,19.478,19.604,19.156,19.496,8146831.0
2014-02-05,19.448,19.515,19.1,19.458,9703123.0
2014-02-06,19.448,19.921,19.409,19.787,7583082.0
2014-02-07,19.834,20.327,19.75,20.232,10838144.0
2014-02-10,20.222,20.327,19.767,19.844,8927309.0
2014-02-11,19.951,20.205,19.787,20.131,9163499.0
2014-02-12,20.148,20.185,19.787,20.025,8242538.0
2014-02-13,19.902,20.131,19.825,20.016,7468995.0
2014-02-14,19.98,20.232,19.911,20.111,5674898.0
2014-02-18,20.222,20.363,19.797,19.854,7883750.0
2014-02-19,19.834,19.989,19.714,19.777,8146461.0
2014-02-20,19.864,20.545,19.797,20.489,9373242.0
2014-02-21,20.489,20.694,20.402,20.545,9423385.0
2014-02-24,20.545,21.036,20.517,20.923,10201246.0
2014-02-25,20.942,21.291,20.915,21.055,9480098.0
2014-02-26,21.225,21.366,21.008,21.168,7697179.0
2014-02-27,21.12,21.357,21.055,21.206,6067660.0
2014-02-28,21.081,21.299,20.923,21.186,7410758.0
2014-03-03,20.923,21.139,20.601,21.055,8387109.0
2014-03-04,21.471,21.755,21.358,21.593,11034521.0
2014-03-05,21.67,21.972,21.593,21.782,7906133.0
2014-03-06,21.867,22.087,21.782,21.867,7749848.0
2014-03-07,21.999,22.009,21.633,21.85,7471830.0
2014-03-10,21.877,22.389,21.85,22.322,8407810.0
2014-03-11,22.322,22.728,22.153,22.489,7878541.0
2014-03-12,22.653,22.84,22.435,22.607,8472694.0
2014-03-13,22.653,22.682,22.216,22.322,8557190.0
2014-03-14,22.313,22.831,22.17,22.627,8667697.0
2014-03-17,22.71,22.803,22.465,22.682,6872590.0
2014-03-18,22.71,22.86,22.587,22.607,7192103.0
2014-03-19,22.617,22.737,22.313,22.481,6315034.0
2014-03-20,22.407,22.597,22.313,22.587,5910951.0
2014-03-21,22.803,22.803,21.924,21.924,13118420.0
2014-03-24,22.116,22.294,21.802,22.107,5866270.0
2014-03-25,22.225,22.528,22.207,22.416,4195752.0
2014-03-26,22.528,22.577,22.134,22.17,5423357.0
2014-03-27,22.126,22.126,21.546,21.904,6345103.0
2014-03-28,21.885,22.379,21.802,21.904,6033361.0
2014-03-31,22.107,22.426,22.019,22.332,4810565.0
2014-04-01,22.399,22.644,22.389,22.644,5947762.0
2014-04-02,22.71,23.126,22.644,22.767,9726224.0
2014-04-03,22.785,22.984,22.518,22.71,4722688.0
2014-04-04,22.85,22.938,22.416,22.518,6069694.0
2014-04-07,22.508,22.785,22.009,22.161,7722014.0
2014-04-08,22.225,22.342,21.652,22.235,9661154.0
2014-04-09,22.322,22.908,22.197,22.84,7409223.0
2014-04-10,22.928,22.938,21.84,21.877,10006269.0
2014-04-11,21.85,22.17,21.451,21.519,8748796.0
2014-04-14,21.85,21.894,21.139,21.291,7876004.0
2014-04-15,21.652,21.953,21.215,21.66,9114350.0
2014-04-16,21.858,22.284,21.706,22.264,7783789.0
2014-04-17,22.389,22.416,21.782,22.216,6623544.0
2014-04-21,22.264,22.332,21.999,22.313,5257647.0
2014-04-22,22.379,22.747,22.351,22.636,5530223.0
2014-04-23,23.07,23.07,22.474,22.776,8246930.0
2014-04-24,23.012,23.126,22.235,22.956,8841682.0
2014-04-25,22.747,23.108,22.557,22.653,5285267.0
2014-04-28,22.737,22.87,22.225,22.548,5165391.0
2014-04-29,22.597,22.908,22.342,22.879,4791011.0
2014-04-30,22.908,23.031,22.653,22.86,5192553.0
2014-05-01,22.86,23.295,22.86,23.012,6081179.0
2014-05-02,23.06,23.07,22.691,22.87,6356873.0
2014-05-05,22.757,22.994,22.587,22.947,4615888.0
2014-05-06,23.022,23.07,22.803,22.889,6603957.0
2014-05-07,22.938,23.08,22.557,22.889,6196343.0
2014-05-08,22.785,23.295,22.785,23.135,6945895.0
2014-05-09,23.07,23.117,22.72,23.041,4224691.0
2014-05-12,23.135,23.617,23.135,23.589,5239142.0
2014-05-13,23.551,23.712,23.392,23.627,5599244.0
2014-05-14,23.589,23.617,23.362,23.56,7627458.0
2014-05-15,23.515,23.589,23.143,23.42,5735897.0
2014-05-16,23.42,23.458,23.09,23.276,5198040.0
2014-05-19,23.266,23.843,23.219,23.759,4135028.0
2014-05-20,23.731,23.823,23.448,23.598,3955575.0
2014-05-21,23.637,23.843,23.598,23.75,3714761.0
2014-05-22,23.75,23.976,23.741,23.901,3085387.0
2014-05-23,23.976,24.429,23.959,24.39,4708384.0
2014-05-27,24.477,24.584,24.362,24.469,3987980.0
2014-05-28,24.536,25.092,24.506,24.997,5863209.0
2014-05-29,25.015,25.15,24.713,25.006,4342383.0
2014-05-30,24.968,25.198,24.933,25.015,7440910.0
2014-06-02,25.102,25.387,24.819,25.319,5246581.0
2014-06-03,25.357,25.803,25.348,25.784,8559773.0
2014-06-04,25.615,25.965,25.521,25.937,5443981.0
2014-06-05,26.06,26.211,25.803,25.859,9084704.0
2014-06-06,25.898,26.155,25.851,26.155,4327853.0
2014-06-09,26.202,26.26,25.812,26.024,6005322.0
2014-06-10,26.07,26.08,25.652,25.869,5930684.0
2014-06-11,25.643,25.776,25.387,25.541,9495191.0
2014-06-12,25.283,25.293,24.147,24.379,14320075.0
2014-06-13,24.36,25.064,24.342,24.933,10244103.0
2014-06-16,24.838,24.96,24.573,24.741,6872678.0
2014-06-17,25.102,25.31,24.914,25.246,7863634.0
2014-06-18,25.237,25.338,24.829,25.283,6200264.0
2014-06-19,25.387,25.671,25.338,25.671,7237146.0
2014-06-20,25.793,25.955,25.708,25.869,9201919.0
2014-06-23,25.859,25.947,25.396,25.521,4747063.0
2014-06-24,25.502,25.708,25.246,25.255,4439453.0
2014-06-25,25.237,25.652,25.064,25.568,4226327.0
2014-06-26,25.605,25.69,25.357,25.652,3419294.0
2014-06-27,25.588,25.793,25.492,25.728,9821328.0
2014-06-30,25.738,25.821,25.396,25.464,5150949.0
2014-07-01,25.766,26.38,25.643,26.288,7637635.0
2014-07-02,26.042,26.211,25.662,26.042,7955504.0
2014-07-03,26.155,26.335,26.118,26.269,3217907.0
2014-07-07,26.241,26.269,25.671,25.756,6725760.0
2014-07-08,25.482,25.482,24.515,25.31,12724495.0
2014-07-09,26.07,26.211,25.444,25.793,8814327.0
2014-07-10,25.605,26.015,25.531,25.851,9355201.0
2014-07-11,25.918,26.183,25.821,26.015,5063599.0
2014-07-14,26.137,26.38,26.033,26.163,4353379.0
2014-07-15,26.305,26.536,26.07,26.45,7353432.0
2014-07-16,26.571,26.696,26.4,26.571,4881905.0
2014-07-17,26.363,26.646,25.889,26.08,5724713.0
2014-07-18,26.155,26.536,26.146,26.363,5229219.0
2014-07-21,26.344,26.43,26.118,26.221,4573271.0
2014-07-22,26.325,26.608,26.288,26.588,4590569.0
2014-07-23,26.715,27.463,26.705,27.37,7487028.0
2014-07-24,27.727,27.967,26.887,27.188,10569318.0
2014-07-25,27.302,28.153,27.255,27.717,8500174.0
2014-07-28,27.833,27.852,27.245,27.691,6586526.0
2014-07-29,27.785,27.833,27.188,27.215,6220166.0
2014-07-30,27.35,27.587,27.188,27.342,4583506.0
2014-07-31,27.111,27.235,26.743,26.811,6704196.0
2014-08-01,26.743,27.055,26.39,26.951,6045540.0
2014-08-04,27.178,27.275,26.636,26.951,4669962.0
2014-08-05,26.763,27.016,26.506,26.666,6562506.0
2014-08-06,26.42,26.792,26.11,26.656,5080207.0
2014-08-07,26.82,27.007,26.42,26.598,5513465.0
2014-08-08,26.536,26.828,25.995,26.811,4581354.0
2014-08-11,27.007,27.35,26.887,27.149,4016344.0
2014-08-12,27.188,27.302,26.989,27.205,4510971.0
2014-08-13,27.302,27.842,27.265,27.737,4263681.0
2014-08-14,27.803,28.211,27.698,28.201,5842191.0
2014-08-15,28.325,28.412,27.813,28.211,6781313.0
2014-08-18,28.451,29.242,28.315,29.215,6791653.0
2014-08-19,29.34,29.368,28.999,29.205,5159238.0
2014-08-20,29.368,30.111,29.331,29.986,6116380.0
2014-08-21,30.052,30.139,29.617,29.674,4841043.0
2014-08-22,29.747,30.509,29.719,30.27,6781363.0
2014-08-25,30.575,30.631,30.224,30.528,4366691.0
2014-08-26,30.546,30.631,30.253,30.318,4142825.0
2014-08-27,30.365,30.802,30.233,30.612,4516553.0
2014-08-28,30.481,30.556,30.299,30.445,3852909.0
2014-08-29,30.49,30.528,30.167,30.405,3626030.0
2014-09-02,30.472,31.271,30.425,31.261,6460548.0
2014-09-03,31.126,31.126,30.631,30.947,6502859.0
2014-09-04,31.096,31.477,30.88,30.984,5844640.0
2014-09-05,31.004,31.271,30.698,31.185,3929100.0
2014-09-08,31.342,31.439,31.126,31.213,6074101.0
2014-09-09,31.086,31.763,30.899,31.261,8391578.0
2014-09-10,31.535,32.076,31.106,31.931,8803969.0
2014-09-11,32.008,32.209,31.601,31.95,7186427.0
2014-09-12,31.914,32.624,31.773,32.172,7411169.0
2014-09-15,32.285,32.77,32.125,32.162,9381857.0
2014-09-16,32.237,32.867,31.858,32.799,7066729.0
2014-09-17,32.839,32.958,32.418,32.702,5857859.0
2014-09-18,32.9,33.539,32.857,33.463,6752119.0
2014-09-19,33.71,33.71,32.829,32.829,17940186.0
2014-09-22,32.987,33.074,32.408,32.436,7046242.0
2014-09-23,32.229,32.237,31.39,31.592,10817766.0
2014-09-24,31.706,32.721,31.696,32.606,8763551.0
2014-09-25,32.427,32.475,31.914,31.95,7174686.0
2014-09-26,32.095,32.285,31.838,32.209,5009596.0
2014-09-29,31.763,32.19,31.679,31.978,4712769.0
2014-09-30,32.018,32.561,31.63,32.076,7134294.0
2014-10-01,31.315,31.4,30.793,30.918,11546560.0
2014-10-02,31.251,31.564,29.996,30.83,10569124.0
2014-10-03,31.106,31.848,31.106,31.754,6656605.0
2014-10-06,31.819,32.076,31.289,31.38,6062673.0
2014-10-07,31.106,31.145,30.602,30.612,7710135.0
2014-10-08,31.271,31.307,30.101,30.499,12603680.0
2014-10-09,30.67,30.889,29.523,29.747,13156804.0
2014-10-10,29.579,29.986,28.779,29.038,12413195.0
2014-10-13,29.215,29.215,27.087,27.431,22731360.0
2014-10-14,27.896,29.682,27.328,28.495,17761309.0
2014-10-15,27.622,29.094,26.975,28.514,22183288.0
2014-10-16,27.211,29.709,27.164,29.388,19337555.0
2014-10-17,29.747,30.243,29.232,29.493,12825232.0
2014-10-20,29.804,31.43,29.804,31.194,14307577.0
2014-10-21,31.988,33.007,31.931,32.857,15102493.0
2014-10-22,33.149,33.244,32.436,32.484,13427651.0
2014-10-23,33.244,33.577,30.784,31.582,24714304.0
2014-10-24,31.687,32.533,31.687,32.172,10364134.0
2014-10-27,32.152,32.418,31.745,32.344,9290643.0
2014-10-28,32.493,32.829,32.028,32.799,9202480.0
2014-10-29,32.809,32.839,31.923,32.418,7804880.0
2014-10-30,32.624,32.78,32.182,32.418,7082537.0
2014-10-31,32.9,33.094,32.569,32.75,6777572.0
2014-11-03,32.819,33.548,32.741,33.539,7611792.0
2014-11-04,33.73,34.745,33.72,34.603,11973639.0
2014-11-05,34.983,35.03,34.347,34.907,10325047.0
2014-11-06,34.993,36.246,34.859,36.037,10342126.0
2014-11-07,36.103,36.437,35.856,36.322,10105095.0
2014-11-10,36.322,37.213,36.066,37.158,10172362.0
2014-11-11,37.481,38.053,37.31,37.396,9666834.0
2014-11-12,37.12,37.519,36.937,37.396,6793301.0
2014-11-13,37.574,37.966,37.223,37.481,7047369.0
2014-11-14,37.358,37.472,36.883,36.995,7740931.0
2014-11-17,36.976,37.546,36.947,37.11,6612856.0
2014-11-18,37.184,37.877,37.1,37.682,6096457.0
2014-11-19,37.528,37.786,37.062,37.3,6796619.0
2014-11-20,37.024,37.253,36.578,36.921,6156060.0
2014-11-21,37.291,37.291,35.875,36.113,11452351.0
2014-11-24,36.549,36.836,36.264,36.578,5988430.0
2014-11-25,36.568,36.947,36.274,36.578,10042991.0
2014-11-26,36.672,37.415,36.662,37.31,4633506.0
2014-11-28,39.038,40.292,39.011,39.72,8799804.0
2014-12-01,40.122,40.388,38.43,38.469,11189652.0
2014-12-02,38.325,39.342,38.248,38.43,9546481.0
2014-12-03,38.6,39.097,38.015,38.991,8619856.0
2014-12-04,40.057,40.131,39.048,39.315,11425840.0
2014-12-05,39.647,39.817,38.933,39.058,9272933.0
2014-12-08,39.277,40.302,39.115,40.017,10614698.0
2014-12-09,38.863,38.969,37.392,38.743,12066854.0
2014-12-10,39.619,40.844,39.341,39.456,15457518.0
2014-12-11,39.958,40.351,39.702,39.874,10103757.0
2014-12-12,40.252,40.369,39.38,39.388,10523910.0
2014-12-15,39.655,40.047,38.734,39.55,10548947.0
2014-12-16,39.75,39.807,37.599,37.648,11344153.0
2014-12-17,37.733,38.303,36.841,38.163,13261469.0
2014-12-18,38.35,38.771,37.8,38.637,9099247.0
2014-12-19,38.552,38.912,38.05,38.293,18424592.0
2014-12-22,38.255,39.54,38.255,39.246,7576291.0
2014-12-23,39.37,39.418,38.588,38.979,4428163.0
2014-12-24,39.14,39.874,39.037,39.627,2802284.0
2014-12-26,39.674,40.037,39.456,39.864,3372493.0
2014-12-29,39.473,39.987,39.196,39.874,5020059.0
2014-12-30,39.874,40.36,39.807,40.113,4402883.0
2014-12-31,40.426,41.082,40.186,40.252,5164316.0
2015-01-02,40.606,40.947,40.141,40.606,7243782.0
2015-01-05,40.74,40.807,39.427,39.61,8281387.0
2015-01-06,39.854,39.997,37.733,38.487,11119159.0
2015-01-07,38.781,39.114,38.409,38.809,8087251.0
2015-01-08,38.989,40.037,38.951,39.835,7675306.0
2015-01-09,39.835,39.987,38.657,38.8,7537829.0
2015-01-12,38.477,38.863,37.783,38.283,7459864.0
2015-01-13,38.637,39.72,37.993,38.506,8795534.0
2015-01-14,37.783,38.265,36.745,37.515,8978632.0
2015-01-15,37.306,37.818,36.861,37.0,7863459.0
2015-01-16,36.793,37.638,36.392,37.552,9577437.0
2015-01-20,38.274,38.828,37.783,38.8,10578281.0
2015-01-21,38.477,39.864,38.209,39.788,10875487.0
2015-01-22,41.329,43.471,41.224,43.136,21937898.0
2015-01-23,43.232,43.756,42.424,43.547,12541725.0
2015-01-26,43.117,44.143,43.005,44.135,8879071.0
2015-01-27,43.373,44.143,42.68,43.64,8143261.0
2015-01-28,44.345,44.782,43.489,43.565,9505834.0
2015-01-29,43.709,44.867,43.279,44.695,8655058.0
2015-01-30,44.081,44.498,42.9,42.978,12613891.0
2015-02-02,42.745,42.82,40.51,42.357,13940046.0
2015-02-03,41.062,41.794,40.463,41.141,12674895.0
2015-02-04,41.386,42.87,41.348,42.462,9356335.0
2015-02-05,42.147,42.309,41.243,42.301,8358184.0
2015-02-06,41.974,42.546,41.588,41.984,8997549.0
2015-02-09,41.376,41.558,40.817,41.151,9032455.0
2015-02-10,41.588,42.032,41.112,41.644,6180858.0
2015-02-11,42.291,42.338,41.102,41.376,5560324.0
2015-02-12,40.956,41.395,40.131,41.376,7679280.0
2015-02-13,41.005,41.498,40.825,41.186,6723686.0
2015-02-17,41.338,41.47,40.472,40.51,9270617.0
2015-02-18,40.844,41.548,40.17,41.425,8694734.0
2015-02-19,42.689,42.775,41.568,41.625,7921667.0
2015-02-20,41.518,42.755,41.282,42.593,7482252.0
2015-02-23,42.91,43.269,42.119,42.508,7677907.0
2015-02-24,42.214,43.146,41.892,43.136,7357735.0
2015-02-25,42.82,43.059,41.833,41.966,8172448.0
2015-02-26,42.385,42.453,41.597,41.929,8237373.0
2015-02-27,41.949,42.002,41.092,41.131,5038613.0
2015-03-02,41.498,42.111,41.32,42.062,6728314.0
2015-03-03,41.537,42.309,41.443,41.872,6576191.0
2015-03-04,41.709,42.091,41.414,41.919,6204215.0
2015-03-05,42.072,42.174,41.634,42.002,5590134.0
2015-03-06,41.653,41.957,41.195,41.242,5587927.0
2015-03-09,41.242,41.673,41.061,41.337,4227590.0
2015-03-10,41.14,41.261,40.536,40.899,5950351.0
2015-03-11,41.185,41.949,41.14,41.757,7091895.0
2015-03-12,41.824,42.901,41.718,42.831,6048938.0
2015-03-13,42.997,43.473,42.156,43.119,6340490.0
2015-03-16,43.253,43.481,42.881,43.336,7250113.0
2015-03-17,43.549,44.203,43.253,44.016,8191760.0
2015-03-18,44.24,44.24,43.033,43.567,6468680.0
2015-03-19,43.878,44.24,43.748,44.146,6205999.0
2015-03-20,44.075,44.289,43.834,44.156,9288683.0
2015-03-23,44.102,44.203,43.215,43.281,6572726.0
2015-03-24,42.979,43.281,42.623,42.786,5127974.0
2015-03-25,42.709,42.831,41.567,41.643,7088534.0
2015-03-26,40.806,41.434,40.203,41.13,7913435.0
2015-03-27,41.414,42.232,41.261,42.137,6045049.0
2015-03-30,42.527,42.662,42.147,42.463,4552425.0
2015-03-31,42.5,42.5,41.794,42.194,4832311.0
2015-04-01,41.966,41.993,41.176,41.385,7240350.0
2015-04-02,41.547,41.738,40.664,40.824,9087421.0
2015-04-06,39.786,39.909,39.102,39.137,11954669.0
2015-04-07,39.282,39.928,39.272,39.376,8083127.0
2015-04-08,39.47,40.833,39.366,40.815,6889584.0
2015-04-09,40.88,41.159,40.167,40.787,7477203.0
2015-04-10,40.768,41.233,40.673,40.787,4767863.0
2015-04-13,40.5,41.653,40.48,40.729,5390761.0
2015-04-14,40.604,40.806,40.309,40.48,4447437.0
2015-04-15,41.527,41.567,39.861,39.881,8525957.0
2015-04-16,40.054,40.7,39.814,40.24,7433458.0
2015-04-17,39.851,40.387,39.804,39.804,7126123.0
2015-04-20,40.222,40.574,39.747,40.545,5886986.0
2015-04-21,40.682,41.091,40.424,40.984,4634050.0
2015-04-22,40.974,41.101,40.594,40.815,6017722.0
2015-04-23,41.29,42.091,41.13,41.205,9496456.0
2015-04-24,41.319,41.596,40.787,41.424,6665604.0
2015-04-27,41.385,41.414,40.24,40.279,5492599.0
2015-04-28,40.12,40.433,39.376,39.899,6208312.0
2015-04-29,39.671,39.824,38.194,39.005,8204988.0
2015-04-30,38.632,39.508,38.462,38.632,6815984.0
2015-05-01,38.888,40.673,38.888,40.574,8140840.0
2015-05-04,40.545,40.692,39.766,39.842,5815441.0
2015-05-05,39.165,39.536,38.566,38.602,6599392.0
2015-05-06,38.443,39.262,37.831,38.937,7054179.0
2015-05-07,39.156,40.167,39.156,40.101,6816094.0
2015-05-08,40.644,41.385,40.554,41.176,7787553.0
2015-05-11,40.908,41.233,40.692,40.974,5335327.0
2015-05-12,40.614,40.614,40.004,40.24,4649300.0
2015-05-13,40.564,40.908,39.202,39.31,9152232.0
2015-05-14,39.566,40.24,39.424,40.12,5411338.0
2015-05-15,40.319,40.461,39.814,39.899,4941853.0
2015-05-18,39.937,40.25,39.699,40.138,4353575.0
2015-05-19,40.289,40.387,38.908,38.965,9994532.0
2015-05-20,38.528,38.548,35.384,35.424,31865325.0
2015-05-21,35.671,36.004,35.287,35.462,15741616.0
2015-05-22,35.529,35.744,34.87,35.11,11798549.0
2015-05-26,35.424,35.424,33.849,34.29,17198731.0
2015-05-27,34.414,35.229,34.395,35.229,12612527.0
2015-05-28,35.148,35.205,34.644,35.061,9785248.0
2015-05-29,35.005,35.539,34.689,35.287,10130380.0
2015-06-01,35.419,36.507,34.893,36.126,16907089.0
2015-06-02,35.6,36.554,35.495,36.096,13236194.0
2015-06-03,36.126,36.411,35.76,36.001,7278187.0
2015-06-04,35.847,36.461,35.409,35.62,9787792.0
2015-06-05,35.58,35.769,35.192,35.476,7504293.0
2015-06-08,35.208,35.399,34.167,34.462,11543946.0
2015-06-09,33.566,33.615,32.279,33.013,34865375.0
2015-06-10,32.853,33.518,32.766,32.88,18614670.0
2015-06-11,32.993,33.499,32.935,33.119,9023551.0
2015-06-12,32.964,33.683,32.796,33.404,10275001.0
2015-06-15,33.128,33.166,32.564,32.629,10654919.0
2015-06-16,32.619,32.825,32.03,32.365,8696963.0
2015-06-17,32.279,32.639,32.0,32.298,7874261.0
2015-06-18,31.524,32.365,31.514,32.318,12452253.0
2015-06-19,32.375,32.756,32.164,32.659,15174554.0
2015-06-22,33.128,33.414,33.023,33.203,8003659.0
2015-06-23,33.223,33.433,32.916,33.003,8416393.0
2015-06-24,32.954,33.1,32.619,32.786,7397003.0
2015-06-25,32.974,33.423,32.88,32.916,6222879.0
2015-06-26,33.023,33.262,32.717,32.756,7759842.0
2015-06-29,32.184,32.659,31.649,31.669,6730311.0
2015-06-30,32.03,32.211,31.581,31.581,11107962.0
2015-07-01,32.318,32.422,29.93,31.132,18796987.0
2015-07-02,31.249,31.524,30.779,31.028,9898225.0
2015-07-06,30.99,31.649,30.914,31.524,10312614.0
2015-07-07,31.687,32.088,31.192,31.887,8654109.0
2015-07-08,31.457,31.581,30.836,30.886,7020646.0
2015-07-09,31.296,31.389,30.981,31.037,8391329.0
2015-07-10,31.649,32.469,31.619,32.288,9538421.0
2015-07-13,33.156,33.31,32.337,32.385,10417288.0
2015-07-14,32.154,32.507,31.716,32.318,7796639.0
2015-07-15,31.98,32.639,31.754,32.375,8903847.0
2015-07-16,32.582,33.232,32.298,32.993,8667730.0
2015-07-17,33.003,33.605,32.853,33.176,9115022.0
2015-07-20,33.31,33.357,32.689,32.746,5040581.0
2015-07-21,32.746,33.146,32.659,33.128,6385492.0
2015-07-22,33.109,33.595,32.944,33.518,7934402.0
2015-07-23,35.876,36.926,34.628,34.816,16471265.0
2015-07-24,35.192,35.192,33.348,33.404,11198079.0
2015-07-27,33.232,33.701,32.766,33.49,9133983.0
2015-07-28,33.731,34.568,33.462,34.417,10299622.0
2015-07-29,34.398,34.52,33.595,33.899,5539640.0
2015-07-30,34.263,34.874,34.186,34.657,9488130.0
2015-07-31,34.796,34.845,34.223,34.549,5561217.0
2015-08-03,34.989,36.116,34.874,35.817,10376710.0
2015-08-04,36.106,36.622,35.769,36.201,9643723.0
2015-08-05,36.295,36.421,35.954,36.163,7533213.0
2015-08-06,36.258,36.745,35.722,36.087,7433410.0
2015-08-07,35.916,36.507,35.58,35.867,7734384.0
2015-08-10,36.22,36.745,35.983,36.068,7246545.0
2015-08-11,35.916,37.118,35.916,36.612,9795350.0
2015-08-12,36.24,37.089,35.163,36.918,9402632.0
2015-08-13,37.146,37.48,36.583,37.192,7522944.0
2015-08-14,37.127,37.612,36.944,37.564,5990380.0
2015-08-17,37.509,38.844,37.289,38.604,9778778.0
2015-08-18,38.797,39.008,38.148,38.357,7155913.0
2015-08-19,38.081,38.988,37.958,38.604,9224932.0
2015-08-20,37.988,38.319,37.164,37.28,9072585.0
2015-08-21,36.862,37.261,36.096,36.183,15166276.0
2015-08-24,33.586,36.441,31.438,35.515,12525054.0
2015-08-25,36.593,36.593,34.855,34.855,9631149.0
2015-08-26,35.837,35.906,34.253,35.687,15840826.0
2015-08-27,36.058,36.352,34.913,35.61,11038820.0
2015-08-28,35.667,36.011,35.124,35.409,7293275.0
2015-08-31,35.38,35.886,34.903,35.027,7388517.0
2015-09-01,34.52,35.105,34.36,34.702,9171182.0
2015-09-02,35.243,36.011,35.018,36.001,10898421.0
2015-09-03,36.173,36.431,35.62,35.722,6499592.0
2015-09-04,35.173,36.001,35.066,35.535,5921646.0
2015-09-08,36.058,36.573,35.963,36.371,6459254.0
2015-09-09,36.686,37.156,36.019,36.554,7695510.0
2015-09-10,36.648,37.211,36.441,36.612,6037898.0
2015-09-11,36.441,37.002,36.362,36.783,7563284.0
2015-09-14,36.773,37.27,36.705,37.098,5720895.0
2015-09-15,37.201,37.337,36.755,37.127,6215813.0
2015-09-16,36.993,37.662,36.745,37.356,6688191.0
2015-09-17,37.509,38.177,37.414,37.691,5770184.0
2015-09-18,37.662,37.968,37.06,37.672,10311358.0
2015-09-21,37.691,38.055,37.289,37.583,6546220.0
2015-09-22,37.231,37.453,36.332,36.499,7311401.0
2015-09-23,36.667,36.983,36.362,36.822,5000632.0
2015-09-24,36.421,36.735,36.029,36.431,5514356.0
2015-09-25,36.745,36.871,36.106,36.352,5580808.0
2015-09-28,36.087,36.401,35.262,35.74,8783859.0
2015-09-29,35.74,36.24,35.439,35.963,5889165.0
2015-09-30,36.371,36.696,35.74,36.305,7577951.0
2015-10-01,36.096,36.705,35.847,36.658,6441231.0
2015-10-02,36.21,36.639,35.312,36.63,7351216.0
2015-10-05,36.889,37.662,36.745,37.509,6247283.0
2015-10-06,37.471,37.622,36.191,36.267,8732378.0
2015-10-07,36.315,37.05,35.857,36.944,7639684.0
2015-10-08,36.926,37.201,36.461,36.993,7370181.0
2015-10-09,37.261,38.522,37.03,38.12,11871584.0
2015-10-12,38.064,39.351,38.064,39.341,7802441.0
2015-10-13,38.959,39.465,38.721,38.959,7983645.0
2015-10-14,39.304,39.6,38.663,38.978,6015212.0
2015-10-15,39.105,39.521,38.74,39.361,5949622.0
2015-10-16,39.036,39.314,38.28,38.711,8579929.0
2015-10-19,38.711,39.56,38.673,39.521,5769383.0
2015-10-20,39.314,40.029,39.255,39.493,5984618.0
2015-10-21,39.511,40.019,39.017,39.168,5404365.0
2015-10-22,40.58,42.137,40.43,42.071,15997781.0
2015-10-23,42.281,43.328,42.262,43.168,12982212.0
2015-10-26,43.025,43.817,42.862,43.684,6608037.0
2015-10-27,43.665,44.01,42.71,43.397,7754186.0
2015-10-28,43.426,43.694,42.872,43.338,6276420.0
2015-10-29,43.177,43.798,43.043,43.731,4435708.0
2015-10-30,43.684,44.809,43.587,44.178,8423707.0
2015-11-02,44.352,44.8,44.254,44.61,5199685.0
2015-11-03,44.856,45.002,44.293,44.818,5884588.0
2015-11-04,44.732,44.827,44.234,44.514,5641348.0
2015-11-05,44.533,44.762,44.197,44.543,5024343.0
2015-11-06,44.591,45.161,44.4,44.712,5090455.0
2015-11-09,44.591,44.772,43.845,44.254,4268130.0
2015-11-10,44.188,44.468,43.542,44.342,5393258.0
2015-11-11,44.628,45.089,44.4,44.591,4021210.0
2015-11-12,44.458,45.041,44.4,44.561,4601150.0
2015-11-13,44.429,44.676,43.578,43.798,5603333.0
2015-11-16,43.197,43.694,42.644,43.655,6048740.0
2015-11-17,43.901,44.533,43.684,43.836,5110992.0
2015-11-18,43.836,44.302,43.043,44.197,5910539.0
2015-11-19,44.449,45.002,44.381,44.732,4338474.0
2015-11-20,44.856,45.237,44.772,45.161,6426878.0
2015-11-23,45.286,45.583,44.79,45.306,4202687.0
2015-11-24,44.293,44.523,43.338,44.122,8318090.0
2015-11-25,44.302,44.477,43.616,43.788,4007593.0
2015-11-27,43.891,44.178,43.522,43.731,4634469.0
2015-11-30,43.808,43.901,43.328,43.788,5042468.0
2015-12-01,43.901,44.934,43.808,44.895,5621856.0
2015-12-02,45.564,46.28,45.109,45.344,5710334.0
2015-12-03,45.354,45.745,44.561,45.134,8004746.0
2015-12-04,45.525,47.196,45.506,47.159,8923071.0
2015-12-07,47.608,49.0,47.159,47.319,9205549.0
2015-12-08,45.498,45.498,42.249,43.05,20928347.0
2015-12-09,43.148,43.853,41.915,42.534,10119895.0
2015-12-10,42.85,43.835,42.593,43.254,10111527.0
2015-12-11,42.583,42.603,41.313,41.501,6906452.0
2015-12-14,41.723,42.058,40.779,41.838,6731796.0
2015-12-15,42.335,42.765,41.877,42.268,5790075.0
2015-12-16,42.442,43.119,41.963,42.82,4842239.0
2015-12-17,42.87,43.225,41.571,41.591,5318251.0
2015-12-18,41.332,41.896,40.789,40.852,9003309.0
2015-12-21,41.332,41.714,41.103,41.455,5162894.0
2015-12-22,41.638,41.752,41.132,41.618,3930374.0
2015-12-23,41.628,41.704,41.025,41.521,5062145.0
2015-12-24,41.581,42.479,41.581,41.963,2053657.0
2015-12-28,41.989,42.451,41.374,41.887,2347261.0
2015-12-29,42.008,42.46,41.887,42.382,2847918.0
2015-12-30,42.392,42.46,41.408,41.437,2752307.0
2015-12-31,41.274,41.389,40.862,41.161,4000012.0
2016-01-04,39.859,40.329,39.363,40.109,6189581.0
2016-01-05,40.527,41.179,39.607,40.584,9796948.0
2016-01-06,40.119,41.581,39.954,40.956,6519080.0
2016-01-07,41.054,41.245,39.724,40.1,8939177.0
2016-01-08,40.536,41.161,40.25,40.349,7803822.0
2016-01-11,40.433,40.986,39.429,40.182,6399346.0
2016-01-12,40.634,40.881,39.505,40.798,6276545.0
2016-01-13,41.015,41.083,38.32,38.615,6417901.0
2016-01-14,38.531,39.151,37.527,38.683,8523361.0
2016-01-15,37.555,38.388,37.127,38.017,8613275.0
2016-01-19,38.873,38.942,37.403,37.85,7555189.0
2016-01-20,37.403,38.475,35.501,37.564,12756143.0
2016-01-21,38.224,39.668,37.22,37.757,12883967.0
2016-01-22,38.232,38.329,37.14,37.279,7323571.0
2016-01-25,37.612,37.642,36.449,36.514,9876865.0
2016-01-26,36.552,36.791,36.103,36.675,6677405.0
2016-01-27,36.917,37.279,35.25,35.645,9308235.0
2016-01-28,35.824,36.264,34.134,34.593,9282432.0
2016-01-29,34.575,36.008,33.941,35.96,9995581.0
2016-02-01,35.96,36.887,35.737,36.62,7266139.0
2016-02-02,36.34,36.439,34.653,34.86,6855836.0
2016-02-03,35.221,35.463,34.07,35.212,8341364.0
2016-02-04,34.83,36.036,34.83,35.893,6890262.0
2016-02-05,35.626,35.942,33.941,34.118,8535205.0
2016-02-08,33.579,33.579,32.461,33.188,9995891.0
2016-02-09,32.865,34.202,32.788,33.694,7961196.0
2016-02-10,34.099,34.486,33.686,33.97,6385516.0
2016-02-11,33.426,34.18,33.245,33.782,6781973.0
2016-02-12,34.218,34.653,33.541,34.643,6918991.0
2016-02-16,34.984,35.541,34.736,35.445,7120332.0
2016-02-17,35.814,36.977,35.805,36.81,7921596.0
2016-02-18,36.943,37.374,36.704,37.279,7098323.0
2016-02-19,37.191,37.714,36.869,37.574,5800907.0
2016-02-22,37.813,39.187,37.813,39.019,11926618.0
2016-02-23,38.903,39.413,38.615,39.267,6029191.0
2016-02-24,38.769,39.573,38.214,39.533,8108518.0
2016-02-25,39.764,40.721,39.646,40.711,8292873.0
2016-02-26,40.862,40.966,40.082,40.309,7115292.0
2016-02-29,40.082,40.634,39.779,40.1,7850480.0
2016-03-01,40.43,40.973,40.284,40.697,6335144.0
2016-03-02,40.63,40.688,39.806,40.161,6955134.0
2016-03-03,40.217,40.344,39.653,40.245,6383556.0
2016-03-04,40.373,40.448,39.443,39.738,7221464.0
2016-03-07,39.385,40.067,38.983,39.719,7101617.0
2016-03-08,38.916,40.245,38.292,39.825,8910001.0
2016-03-09,39.94,40.61,39.557,40.523,7273661.0
2016-03-10,40.59,40.766,39.905,40.467,5316584.0
2016-03-11,40.727,41.616,40.6,41.49,6956406.0
2016-03-14,41.338,42.162,41.275,41.961,6347721.0
2016-03-15,41.684,41.942,41.329,41.768,6140952.0
2016-03-16,41.646,42.406,41.471,42.277,5011510.0
2016-03-17,42.21,42.325,41.656,41.75,6398575.0
2016-03-18,41.75,42.689,41.589,42.613,10189638.0
2016-03-21,42.613,43.465,42.603,43.081,6477233.0
2016-03-22,42.642,43.139,42.469,42.718,6579827.0
2016-03-23,42.82,43.023,42.295,42.544,4568005.0
2016-03-24,42.469,42.469,41.435,42.19,6224820.0
2016-03-28,42.21,42.534,41.712,41.951,5699610.0
2016-03-29,42.133,42.755,42.076,42.745,5154176.0
2016-03-30,43.013,43.416,42.87,43.071,5003949.0
2016-03-31,43.061,43.441,42.875,42.9,5425406.0
2016-04-01,42.515,42.745,41.759,42.671,6497926.0
2016-04-04,42.86,43.191,42.133,42.238,5450438.0
2016-04-05,41.951,42.287,41.684,41.778,5199841.0
2016-04-06,41.797,41.998,41.261,41.817,4260411.0
2016-04-07,41.778,42.553,41.471,41.797,6184946.0
2016-04-08,42.037,42.755,41.807,42.613,4997636.0
2016-04-11,42.85,43.671,42.478,42.486,6741942.0
2016-04-12,42.496,43.042,42.353,42.755,4532625.0
2016-04-13,43.157,44.042,42.86,43.893,8060043.0
2016-04-14,44.277,45.017,44.08,44.727,7838670.0
2016-04-15,45.147,45.175,44.442,45.046,6067286.0
2016-04-18,45.439,45.439,44.777,45.104,4471150.0
2016-04-19,45.114,45.485,44.785,45.132,5296953.0
2016-04-20,45.312,45.485,45.017,45.056,6960478.0
2016-04-21,45.964,45.964,44.305,45.706,10310291.0
2016-04-22,44.315,45.753,44.2,45.244,10002612.0
2016-04-25,45.293,45.626,44.785,44.861,4444561.0
2016-04-26,45.094,45.485,43.962,44.219,6656304.0
2016-04-27,44.219,44.876,43.522,43.636,8662893.0
2016-04-28,43.552,43.799,42.089,42.19,8821935.0
2016-04-29,42.238,42.745,41.616,42.718,11514766.0
2016-05-02,42.736,43.091,42.062,42.143,5724136.0
2016-05-03,42.353,42.401,41.12,41.31,6496141.0
2016-05-04,40.983,40.993,39.635,39.892,7946762.0
2016-05-05,39.987,40.354,39.635,39.768,6233580.0
2016-05-06,39.71,40.161,39.013,39.958,6840494.0
2016-05-09,40.017,40.766,39.977,40.402,5739429.0
2016-05-10,40.486,41.09,40.314,41.032,5495371.0
2016-05-11,40.887,41.759,40.294,40.324,7440455.0
2016-05-12,40.457,40.57,39.118,39.471,5921448.0
2016-05-13,39.672,40.448,39.557,39.796,5729378.0
2016-05-16,39.844,40.57,39.567,40.439,6327461.0
2016-05-17,40.264,41.129,40.217,40.411,5390823.0
2016-05-18,40.226,41.405,40.142,41.08,6302826.0
2016-05-19,40.934,41.137,39.738,40.383,5945977.0
2016-05-20,40.542,41.163,40.294,40.402,4380961.0
2016-05-23,40.402,40.756,40.334,40.42,4020577.0
2016-05-24,40.504,41.176,40.393,40.983,3669513.0
2016-05-25,41.002,41.454,40.62,40.727,4637768.0
2016-05-26,40.766,40.878,39.806,40.017,5242105.0
2016-05-27,40.047,40.59,40.047,40.532,3462831.0
2016-05-31,40.55,40.736,40.254,40.678,5094203.0
2016-06-01,40.697,40.84,40.304,40.736,4264145.0
2016-06-02,40.523,40.813,40.245,40.383,4585634.0
2016-06-03,40.132,40.187,39.366,39.921,5306949.0
2016-06-06,39.835,40.178,39.556,40.095,3663791.0
2016-06-07,40.037,41.716,39.902,41.342,6669053.0
2016-06-08,41.533,42.134,41.323,41.755,6799839.0
2016-06-09,41.716,42.55,41.611,42.417,5838997.0
2016-06-10,42.149,42.283,41.493,41.88,4855825.0
2016-06-13,41.484,41.745,40.227,40.468,6860131.0
2016-06-14,40.265,40.525,38.013,38.279,15786571.0
2016-06-15,38.634,39.039,38.165,38.337,7316656.0
2016-06-16,37.865,38.483,37.606,38.184,6898455.0
2016-06-17,38.013,38.57,37.994,38.145,5868684.0
2016-06-20,38.444,38.854,38.298,38.414,4365714.0
2016-06-21,38.845,39.233,38.376,38.893,6642818.0
2016-06-22,38.893,39.091,38.396,38.644,5018153.0
2016-06-23,39.089,39.116,36.666,38.003,17479441.0
2016-06-24,36.359,37.666,35.995,36.772,20522238.0
2016-06-27,36.458,36.486,35.017,35.282,13596094.0
2016-06-28,36.206,36.312,35.272,35.93,8628105.0
2016-06-29,36.666,37.587,36.246,37.33,8976212.0
2016-06-30,37.397,37.636,36.993,37.636,5553779.0
2016-07-01,37.685,38.175,37.631,38.013,6761785.0
2016-07-05,38.145,38.155,37.104,37.636,5523846.0
2016-07-06,37.128,37.587,36.62,37.558,5635531.0
2016-07-07,37.437,38.346,37.437,38.25,3932050.0
2016-07-08,38.454,39.268,38.444,38.913,4943438.0
2016-07-11,39.298,39.68,39.171,39.393,6091576.0
2016-07-12,39.968,43.194,39.958,41.122,9020768.0
2016-07-13,41.484,41.563,40.468,40.699,6529088.0
2016-07-14,41.152,41.601,40.729,41.439,6425062.0
2016-07-15,41.389,41.823,40.986,41.429,6110677.0
2016-07-18,41.553,41.812,41.389,41.448,5006354.0
2016-07-19,41.161,41.439,40.86,41.005,5756849.0
2016-07-20,41.293,41.297,40.255,40.345,8559714.0
2016-07-21,37.512,37.695,35.725,35.821,35448458.0
2016-07-22,36.388,36.523,35.526,36.312,19077545.0
2016-07-25,36.322,36.476,35.536,35.861,11860289.0
2016-07-26,36.292,36.764,36.005,36.744,10941901.0
2016-07-27,36.081,36.273,35.707,35.977,8979238.0
2016-07-28,35.967,36.13,35.65,35.967,6604174.0
2016-07-29,35.986,36.359,35.526,35.526,7040195.0
2016-08-01,35.67,35.871,35.183,35.555,7070332.0
2016-08-02,35.371,35.46,33.999,34.117,9977878.0
2016-08-03,34.078,34.555,34.009,34.439,7273007.0
2016-08-04,34.757,35.332,34.645,34.957,7671431.0
2016-08-05,35.322,36.349,35.292,36.329,9543168.0
2016-08-08,36.254,36.505,35.773,35.949,6164067.0
2016-08-09,36.236,36.428,35.802,35.957,5028056.0
2016-08-10,35.689,35.851,35.133,35.506,6774839.0
2016-08-11,35.477,36.023,35.322,35.744,6224290.0
2016-08-12,35.582,35.713,34.952,35.056,8040178.0
2016-08-15,35.036,35.467,34.872,35.4,5851720.0
2016-08-16,35.322,35.41,35.045,35.152,5998058.0
2016-08-17,35.182,35.564,35.113,35.467,6119826.0
2016-08-18,35.467,35.516,35.147,35.46,4540777.0
2016-08-19,35.332,35.42,34.937,34.986,7808310.0
2016-08-22,34.976,35.172,34.773,34.919,5017946.0
2016-08-23,35.094,35.42,35.084,35.312,4744371.0
2016-08-24,35.224,35.46,35.055,35.282,4647693.0
2016-08-25,35.182,35.467,35.065,35.312,3464779.0
2016-08-26,35.351,35.385,34.698,34.909,5449963.0
2016-08-29,35.045,35.172,34.956,35.084,4263560.0
2016-08-30,35.224,35.941,35.006,35.784,6241137.0
2016-08-31,35.803,36.208,35.036,35.496,8465492.0
2016-09-01,35.496,35.852,35.045,35.215,4967516.0
2016-09-02,35.199,35.623,35.152,35.506,4629362.0
2016-09-06,35.506,35.681,35.191,35.564,6632054.0
2016-09-07,35.921,37.383,35.881,37.228,12080009.0
2016-09-08,37.094,37.593,36.989,37.305,7640066.0
2016-09-09,37.228,37.238,35.784,35.941,9358946.0
2016-09-12,35.55,36.507,35.262,36.401,5395215.0
2016-09-13,36.315,36.66,35.623,35.745,7011891.0
2016-09-14,35.745,36.007,35.272,35.46,5269423.0
2016-09-15,35.43,35.726,35.084,35.603,4647900.0
2016-09-16,35.516,35.516,35.142,35.215,6511222.0
2016-09-19,35.332,35.784,35.215,35.322,5605468.0
2016-09-20,35.41,35.803,35.252,35.44,3441127.0
2016-09-21,35.42,35.666,34.947,35.526,5164850.0
2016-09-22,35.698,36.256,35.536,35.931,6813722.0
2016-09-23,35.852,35.987,35.385,35.842,4808594.0
2016-09-26,35.583,35.765,35.234,35.487,5941599.0
2016-09-27,35.4,37.124,35.4,37.094,10427979.0
2016-09-28,37.085,37.488,36.526,36.641,7398527.0
2016-09-29,36.594,37.094,36.526,36.718,5750434.0
2016-09-30,36.835,37.711,36.603,37.433,9729167.0
2016-10-03,37.393,38.253,37.248,38.248,8979832.0
2016-10-04,38.808,38.971,37.622,37.691,11098571.0
2016-10-05,37.555,37.936,37.374,37.632,4386228.0
2016-10-06,37.583,37.843,37.238,37.701,5004415.0
2016-10-07,37.672,37.73,36.749,37.027,7203105.0
2016-10-10,37.056,38.453,37.018,38.277,8117203.0
2016-10-11,38.529,38.818,38.029,38.296,9481882.0
2016-10-12,38.643,38.863,38.238,38.511,6893161.0
2016-10-13,38.191,40.06,37.657,39.828,11538463.0
2016-10-14,40.04,40.82,39.572,39.77,7581246.0
2016-10-17,39.847,40.617,39.618,39.692,5724452.0
2016-10-18,40.0,40.411,39.645,40.117,9096927.0
2016-10-19,40.173,40.81,40.01,40.666,6581356.0
2016-10-20,40.567,40.875,40.192,40.704,8117883.0
2016-10-21,40.339,40.865,40.182,40.837,5660365.0
2016-10-24,40.924,41.32,40.617,40.743,5517489.0
2016-10-25,40.567,41.123,40.145,40.378,11531888.0
2016-10-26,36.285,38.306,35.526,36.958,45525014.0
2016-10-27,37.056,38.095,36.238,37.77,22859611.0
2016-10-28,37.815,38.339,37.488,37.711,10723481.0
2016-10-31,38.01,38.953,37.682,38.549,8464281.0
2016-11-01,38.482,38.903,37.853,38.191,8316193.0
2016-11-02,38.085,38.589,37.951,38.124,6952337.0
2016-11-03,38.325,38.868,38.029,38.21,5389236.0
2016-11-04,38.201,39.394,38.072,38.863,7578237.0
2016-11-07,39.462,40.01,39.177,40.01,8042410.0
2016-11-08,40.01,40.425,39.673,40.359,9124638.0
2016-11-09,39.269,40.861,39.22,40.782,8802798.0
2016-11-10,41.041,42.205,40.982,42.002,10728110.0
2016-11-11,41.868,42.205,41.377,42.195,8215523.0
2016-11-14,42.253,43.746,42.233,43.648,11558106.0
2016-11-15,44.803,45.525,43.966,44.516,10308124.0
2016-11-16,44.311,44.603,43.746,44.131,6755267.0
2016-11-17,43.976,44.987,43.648,44.939,6145321.0
2016-11-18,45.148,45.477,44.929,45.294,6608537.0
2016-11-21,45.314,45.891,45.216,45.583,7023125.0
2016-11-22,45.901,46.188,44.997,45.334,7689540.0
2016-11-23,45.226,45.679,44.399,45.593,5524771.0
2016-11-25,45.534,46.114,45.458,45.669,2596539.0
2016-11-28,45.632,45.979,45.382,45.739,4392314.0
2016-11-29,45.776,46.037,45.44,45.467,4626337.0
2016-11-30,44.37,45.556,43.023,44.86,6899284.0
2016-12-01,44.621,45.661,44.453,45.304,5811067.0
2016-12-02,45.593,46.431,45.525,46.114,5032126.0
2016-12-05,46.277,46.642,45.278,45.304,4918741.0
2016-12-06,45.71,46.199,45.487,45.99,4741360.0
2016-12-07,46.019,48.107,45.72,48.082,8020316.0
2016-12-08,48.206,48.206,47.494,47.84,6887270.0
2016-12-09,48.12,48.886,47.473,48.022,6946831.0
2016-12-12,47.61,47.929,47.184,47.62,9124851.0
2016-12-13,47.716,48.641,47.696,47.791,6800663.0
2016-12-14,47.744,48.226,47.165,47.532,6138059.0
2016-12-15,47.677,49.49,47.649,48.795,9483317.0
2016-12-16,48.941,49.317,48.12,48.16,7930293.0
2016-12-19,48.478,48.739,47.958,48.565,3564215.0
2016-12-20,48.757,49.376,48.621,49.087,3836850.0
2016-12-21,48.97,49.264,48.729,48.852,4099824.0
2016-12-22,48.921,49.22,48.302,48.468,2600611.0
2016-12-23,48.574,48.921,48.411,48.661,1676213.0
2016-12-27,48.67,48.979,48.478,48.7,1943143.0
2016-12-28,48.739,49.151,48.293,48.391,3277912.0
2016-12-29,48.411,48.823,48.186,48.421,2245961.0
2016-12-30,48.411,48.583,47.773,48.072,3377072.0
2017-01-03,48.611,49.346,48.042,48.206,4363034.0
2017-01-04,48.468,49.596,48.372,49.48,5094996.0
2017-01-05,49.616,50.271,48.342,48.68,6720359.0
2017-01-06,48.7,48.852,47.696,48.16,5900465.0
2017-01-09,48.226,49.124,48.027,48.516,5148971.0
2017-01-10,48.757,50.05,48.739,49.518,5774042.0
2017-01-11,49.933,50.348,49.646,49.848,6160067.0
2017-01-12,49.848,50.109,48.478,49.2,6282151.0
2017-01-13,49.19,49.518,48.979,49.336,2707319.0
2017-01-17,49.077,49.518,48.44,48.459,4374360.0
2017-01-18,48.293,48.862,47.939,48.592,6113876.0
2017-01-19,48.661,48.951,48.082,48.293,4393915.0
2017-01-20,48.362,49.356,48.362,49.277,5386983.0
2017-01-23,49.22,49.327,48.006,48.168,4377437.0
2017-01-24,48.342,48.459,47.821,47.889,6377160.0
2017-01-25,47.349,48.178,46.982,47.706,8687478.0
2017-01-26,49.577,52.075,49.327,52.009,16538307.0
2017-01-27,52.156,52.258,50.522,50.829,7969235.0
2017-01-30,50.28,50.541,49.356,50.493,8353595.0
2017-01-31,50.214,50.541,49.685,50.454,6846521.0
2017-02-01,50.686,51.381,50.581,50.858,5134640.0
2017-02-02,50.416,51.419,50.329,50.986,4731436.0
2017-02-03,51.119,51.68,50.736,51.006,3765152.0
2017-02-06,51.285,51.481,51.025,51.187,3454481.0
2017-02-07,51.456,51.969,51.035,51.158,5382386.0
2017-02-08,51.315,51.593,50.503,51.045,4226647.0
2017-02-09,51.129,52.733,51.025,52.586,7973746.0
2017-02-10,52.827,52.924,52.443,52.769,3311752.0
2017-02-13,52.895,54.313,52.895,53.753,5610669.0
2017-02-14,53.753,53.763,52.973,53.349,5123704.0
2017-02-15,54.891,56.001,53.82,55.256,10270808.0
2017-02-16,55.364,55.364,54.072,54.342,5824312.0
2017-02-17,54.131,55.315,53.61,55.286,6297752.0
2017-02-21,55.556,55.933,55.057,55.808,4446724.0
2017-02-22,55.741,55.942,55.113,55.855,4956954.0
2017-02-23,56.021,56.472,55.09,55.229,4836042.0
2017-02-24,54.901,56.482,54.371,56.462,5712899.0
2017-02-27,56.271,56.405,55.528,56.359,6541449.0
2017-02-28,56.33,56.492,55.649,55.751,5944723.0
2017-03-01,56.396,57.563,56.359,56.79,5580428.0
2017-03-02,56.386,56.62,55.491,55.528,4828007.0
2017-03-03,55.653,56.908,55.556,56.771,5326098.0
2017-03-06,56.435,56.521,55.133,55.519,6115885.0
2017-03-07,55.472,55.472,54.773,54.91,5957312.0
2017-03-08,54.987,55.104,54.524,54.765,6437349.0
2017-03-09,54.813,55.442,54.379,54.454,7480015.0
2017-03-10,52.832,54.099,52.571,53.993,12916531.0
2017-03-13,53.837,54.282,52.62,52.65,9788077.0
2017-03-14,52.281,52.311,50.939,51.093,9543414.0
2017-03-15,50.214,52.774,50.07,52.457,9838062.0
2017-03-16,52.754,52.764,51.953,52.321,5106259.0
2017-03-17,52.311,52.379,51.364,51.384,6623879.0
2017-03-20,51.702,51.934,51.151,51.644,4920917.0
2017-03-21,51.846,51.846,50.05,50.127,6597061.0
2017-03-22,49.894,50.756,49.385,50.687,6020759.0
2017-03-23,50.687,51.169,50.475,50.602,3128004.0
2017-03-24,50.86,51.084,50.523,50.831,3849824.0
2017-03-27,50.243,51.208,49.953,51.093,4408869.0
2017-03-28,51.017,52.698,50.687,52.36,7093880.0
2017-03-29,52.184,52.252,51.364,51.673,4644410.0
2017-03-30,51.712,52.418,51.606,52.013,2723760.0
2017-03-31,51.722,52.137,51.606,51.944,3228706.0
2017-04-03,51.905,52.291,51.384,52.174,3566789.0
2017-04-04,51.993,52.079,51.093,51.277,4130504.0
2017-04-05,51.683,52.571,51.499,51.549,4991192.0
2017-04-06,51.549,51.953,51.169,51.577,3129393.0
2017-04-07,51.539,53.016,51.459,52.698,8219140.0
2017-04-10,52.561,52.783,52.132,52.389,4417410.0
2017-04-11,52.379,53.219,51.778,53.2,5620949.0
2017-04-12,53.827,54.658,53.607,53.636,7200131.0
2017-04-13,53.459,53.499,52.457,52.475,4349968.0
2017-04-17,52.611,52.881,52.321,52.872,2951495.0
2017-04-18,52.812,53.21,51.993,52.581,3746564.0
2017-04-19,52.929,53.229,52.64,52.802,2980766.0
2017-04-20,53.065,54.228,53.065,54.059,4429535.0
2017-04-21,53.943,54.253,53.469,53.75,3680082.0
2017-04-24,54.302,54.783,54.156,54.582,3696244.0
2017-04-25,54.997,55.885,54.997,55.16,5499553.0
2017-04-26,55.276,55.576,54.793,55.017,5590274.0
2017-04-27,53.73,54.514,52.679,53.866,10615082.0
2017-04-28,54.031,54.484,53.779,54.32,5187438.0
2017-05-01,54.612,55.29,54.272,54.379,4302282.0
2017-05-02,54.444,56.484,54.397,56.361,5064177.0
2017-05-03,56.137,56.446,55.885,56.194,4163619.0
2017-05-04,56.446,56.668,55.595,56.37,3981832.0
2017-05-05,56.427,56.572,55.983,56.427,2508291.0
2017-05-08,56.523,56.746,55.315,55.537,3751664.0
2017-05-09,55.799,56.582,55.712,56.311,4624067.0
2017-05-10,56.204,56.612,56.012,56.397,5228100.0
2017-05-11,56.233,56.417,55.518,56.128,2701824.0
2017-05-12,55.924,56.257,55.16,55.286,3172044.0
2017-05-15,55.305,56.356,55.305,56.07,3843091.0
2017-05-16,56.146,56.642,55.703,56.301,4889936.0
2017-05-17,55.751,56.032,54.908,55.112,4341935.0
2017-05-18,55.199,55.827,55.037,55.354,3701692.0
2017-05-19,55.605,56.388,55.528,56.08,3332096.0
2017-05-22,56.427,57.432,56.291,56.929,5968140.0
2017-05-23,57.247,57.797,56.821,57.626,3064137.0
2017-05-24,57.787,57.988,57.356,57.567,3233692.0
2017-05-25,57.759,59.122,57.759,58.863,6881213.0
2017-05-26,58.794,59.084,58.456,58.619,5027067.0
2017-05-30,58.515,58.535,57.432,57.47,3909032.0
2017-05-31,57.866,58.164,57.132,58.06,4230414.0
2017-06-01,58.145,58.553,58.031,58.263,4852991.0
2017-06-02,58.746,59.17,58.204,58.321,5504834.0
2017-06-05,58.288,59.246,57.865,59.051,5413595.0
2017-06-06,58.732,59.236,58.111,58.189,5470140.0
2017-06-07,57.6,58.427,56.553,58.054,7040192.0
2017-06-08,58.189,58.189,56.956,57.28,5564916.0
2017-06-09,57.521,57.86,57.231,57.57,5827880.0
2017-06-12,57.57,57.57,55.799,57.114,6275719.0
2017-06-13,57.01,57.659,56.799,57.329,5180124.0
2017-06-14,57.724,58.169,57.153,57.64,4357676.0
2017-06-15,57.359,58.297,57.114,58.199,5215736.0
2017-06-16,58.102,58.645,58.093,58.373,6403411.0
2017-06-19,58.712,59.148,58.486,58.983,5127560.0
2017-06-20,58.915,59.129,58.321,58.413,4994706.0
2017-06-21,58.5,59.419,58.5,59.091,4081143.0
2017-06-22,59.913,60.31,59.119,59.565,5665780.0
2017-06-23,59.652,60.214,59.366,59.952,5245333.0
2017-06-26,60.127,60.756,59.652,59.788,4395788.0
2017-06-27,59.788,60.238,59.507,59.555,2898381.0
2017-06-28,59.844,60.464,59.844,60.04,2820973.0
2017-06-29,60.301,60.707,59.285,59.844,3290922.0
2017-06-30,60.068,60.591,60.001,60.164,3287850.0
2017-07-03,60.534,60.739,60.078,60.098,1750839.0
2017-07-05,60.164,61.356,60.117,61.152,3254025.0
2017-07-06,60.9,61.713,60.66,61.347,5777620.0
2017-07-07,61.384,62.343,61.384,62.199,3461467.0
2017-07-10,60.939,61.88,60.92,61.124,5286908.0
2017-07-11,61.077,61.347,59.798,59.844,5540287.0
2017-07-12,60.484,60.693,59.922,60.107,5100687.0
2017-07-13,60.03,60.484,59.447,60.049,5094477.0
2017-07-14,60.078,60.154,59.526,59.962,3405218.0
2017-07-17,59.962,60.469,59.624,60.164,3711441.0
2017-07-18,59.942,60.194,59.462,59.614,5284840.0
2017-07-19,59.447,59.652,58.538,59.457,7363303.0
2017-07-20,59.399,59.536,58.248,58.481,6622998.0
2017-07-21,58.297,58.583,57.987,58.363,5272492.0
2017-07-24,58.335,58.441,57.89,57.91,3464541.0
2017-07-25,58.278,58.52,56.873,56.951,7576508.0
2017-07-26,56.981,57.93,56.689,57.63,5698646.0
2017-07-27,54.665,56.553,52.062,54.772,14807769.0
2017-07-28,54.762,54.927,53.862,54.762,5985196.0
2017-07-31,55.092,55.188,53.663,53.745,4825776.0
2017-08-01,54.105,54.579,53.533,53.949,4821562.0
2017-08-02,53.871,54.19,53.358,53.93,4188387.0
2017-08-03,53.92,54.561,53.832,54.326,4767095.0
2017-08-04,54.423,54.81,54.027,54.78,3613765.0
2017-08-07,54.966,55.064,53.405,53.612,5623315.0
2017-08-08,53.553,53.687,52.845,53.068,5478319.0
2017-08-09,52.942,53.726,52.865,52.952,4603164.0
2017-08-10,52.767,52.825,51.994,52.293,4994226.0
2017-08-11,52.167,52.643,51.287,52.42,4370483.0
2017-08-14,52.865,53.243,52.731,52.982,4808235.0
2017-08-15,53.291,53.608,53.039,53.444,4388542.0
2017-08-16,53.641,53.949,53.396,53.553,3362119.0
2017-08-17,53.415,53.415,51.417,51.459,5338419.0
2017-08-18,51.655,52.292,51.43,51.479,6259130.0
2017-08-21,51.703,52.338,51.626,51.837,5281926.0
2017-08-22,51.984,52.477,51.818,51.847,5521481.0
2017-08-23,51.674,51.742,50.145,50.188,13754623.0
2017-08-24,50.567,50.617,48.995,49.208,8763423.0
2017-08-25,49.395,51.344,49.375,51.119,9112278.0
2017-08-28,51.054,51.158,50.005,50.218,8622351.0
2017-08-29,49.704,50.085,49.395,49.936,5673942.0
2017-08-30,49.83,50.092,49.46,49.995,4358183.0
2017-08-31,50.315,50.703,50.078,50.597,4652149.0
2017-09-01,50.799,50.936,50.374,50.644,4098162.0
2017-09-05,50.276,50.436,49.49,49.626,5272041.0
2017-09-06,49.045,50.499,48.286,50.14,8840714.0
2017-09-07,50.16,51.024,49.946,50.663,6230456.0
2017-09-08,50.47,51.453,50.344,51.306,5219595.0
2017-09-11,51.808,52.101,50.897,52.014,8270451.0
2017-09-12,51.915,52.411,51.548,52.354,5569253.0
2017-09-13,52.382,53.09,52.063,53.042,6105216.0
2017-09-14,52.867,53.207,52.531,52.741,7954495.0
2017-09-15,52.827,53.129,52.215,53.1,14990068.0
2017-09-18,53.197,53.312,52.259,52.487,6296869.0
2017-09-19,52.421,52.915,51.852,51.954,4804186.0
2017-09-20,52.314,52.674,51.847,52.645,4749684.0
2017-09-21,52.556,53.148,52.12,53.013,3367482.0
2017-09-22,53.023,53.399,52.635,53.304,3145543.0
2017-09-25,53.216,53.582,52.812,53.488,3604568.0
2017-09-26,53.749,54.303,53.468,54.07,4233203.0
2017-09-27,54.332,54.886,53.729,54.225,7219723.0
2017-09-28,54.148,54.817,53.954,54.507,5892771.0
2017-09-29,54.547,54.973,54.215,54.322,3864889.0
2017-10-02,54.362,54.605,53.954,54.332,4444816.0
2017-10-03,54.284,56.82,54.148,56.775,7771803.0
2017-10-04,56.775,57.805,56.614,56.652,6629759.0
2017-10-05,56.768,56.768,56.108,56.564,3816897.0
2017-10-06,56.438,57.691,56.273,56.709,4104219.0
2017-10-09,56.302,56.371,55.691,55.953,3901482.0
2017-10-10,56.993,57.428,56.184,56.292,5176290.0
2017-10-11,56.292,57.059,56.292,56.815,4322026.0
2017-10-12,57.039,57.643,56.855,57.068,3646090.0
2017-10-13,57.087,57.404,56.775,57.371,3234436.0
2017-10-16,57.203,57.428,56.759,57.136,4984933.0
2017-10-17,57.253,58.038,56.905,56.993,3783867.0
2017-10-18,56.983,57.24,56.805,57.087,2659497.0
2017-10-19,56.719,57.342,55.749,56.895,6124335.0
2017-10-20,57.087,57.776,57.087,57.613,5055453.0
2017-10-23,57.738,58.116,56.835,57.022,4719574.0
2017-10-24,57.097,57.352,56.614,57.059,4408748.0
2017-10-25,57.078,57.078,54.787,55.469,10898159.0
2017-10-26,55.72,56.983,52.586,53.478,14759529.0
2017-10-27,53.498,53.886,51.954,52.507,9268318.0
2017-10-30,52.426,53.468,52.187,53.109,4656643.0
2017-10-31,53.042,53.042,52.235,52.265,4359425.0
2017-11-01,52.431,52.847,51.954,52.392,4359154.0
2017-11-02,52.402,52.487,51.866,52.392,3174150.0
2017-11-03,52.392,52.64,52.021,52.536,3150928.0
2017-11-06,52.487,53.517,52.487,52.905,3806465.0
2017-11-07,52.985,52.985,52.206,52.274,3355885.0
2017-11-08,52.149,52.759,51.876,52.411,3187832.0
2017-11-09,52.13,52.536,51.693,51.876,4015538.0
2017-11-10,51.818,52.149,51.664,51.906,2560630.0
2017-11-13,51.798,51.896,51.217,51.674,3073003.0
2017-11-14,51.392,52.255,51.354,52.158,3154731.0
2017-11-15,52.063,53.177,51.837,53.013,4853256.0
2017-11-16,53.392,53.857,53.032,53.635,4672377.0
2017-11-17,53.382,53.537,52.693,53.09,3199300.0
2017-11-20,53.226,53.294,52.596,53.032,4206849.0
2017-11-21,53.042,53.837,52.994,53.787,4121638.0
2017-11-22,53.645,53.906,53.294,53.458,3357373.0
2017-11-24,53.399,53.691,53.304,53.508,1415964.0
2017-11-27,53.508,53.596,52.876,52.985,3224567.0
2017-11-28,53.042,54.557,52.895,54.507,6866938.0
2017-11-29,54.876,57.884,54.836,57.136,9998348.0
2017-11-30,57.165,59.688,57.155,58.874,13697936.0
2017-12-01,58.718,59.815,57.748,58.145,6374139.0
2017-12-04,59.834,61.029,59.038,60.193,9340813.0
2017-12-05,60.358,60.454,59.407,59.892,4646059.0
2017-12-06,59.971,60.154,59.309,59.426,2968961.0
2017-12-07,59.212,61.333,58.978,61.273,5938234.0
2017-12-08,61.654,62.183,61.399,61.575,4501971.0
2017-12-11,61.72,61.963,61.175,61.565,4495872.0
2017-12-12,61.701,62.173,61.526,61.671,3309603.0
2017-12-13,61.934,61.954,61.273,61.389,4313684.0
2017-12-14,62.091,62.907,61.926,62.081,5206359.0
2017-12-15,62.449,63.12,62.041,62.907,6655224.0
2017-12-18,63.296,63.928,62.956,63.879,4603208.0
2017-12-19,64.17,64.395,63.558,64.102,4079924.0
2017-12-20,64.561,64.628,63.626,64.258,5314186.0
2017-12-21,64.656,65.127,64.151,64.199,3516838.0
2017-12-22,64.462,64.482,63.743,64.141,2307718.0
2017-12-26,63.938,64.492,63.938,64.151,2099682.0
2017-12-27,64.111,64.17,63.743,64.131,3743664.0
2017-12-28,64.17,64.189,63.694,64.045,2226641.0
2017-12-29,64.17,64.244,63.626,63.636,2032343.0
2018-01-02,64.084,64.531,63.694,64.452,3899029.0
2018-01-03,64.288,64.355,62.808,63.11,5149087.0
2018-01-04,62.907,63.227,62.907,62.907,4278232.0
2018-01-05,63.1,63.14,62.11,62.537,3211351.0
2018-01-08,62.412,62.576,61.696,62.226,4682578.0
2018-01-09,61.526,61.944,60.525,60.652,7969374.0
2018-01-10,60.787,61.654,60.553,61.214,7360613.0
2018-01-11,61.867,63.733,61.555,63.044,5504960.0
2018-01-12,63.403,64.121,63.149,63.548,3917733.0
2018-01-16,63.694,64.278,63.207,63.655,4640496.0
2018-01-17,64.015,64.676,63.636,64.239,5060630.0
2018-01-18,64.248,64.442,62.966,63.257,4319034.0
2018-01-19,63.588,63.588,62.332,63.247,5255954.0
2018-01-22,63.061,63.242,62.616,63.091,4336329.0
2018-01-23,62.937,63.685,62.431,63.451,4625773.0
2018-01-24,60.893,61.807,60.116,60.485,10736506.0
2018-01-25,61.273,61.283,57.608,58.522,11495114.0
2018-01-26,59.183,59.863,58.591,59.134,6215356.0
2018-01-29,58.863,59.017,58.415,58.687,6329465.0
2018-01-30,57.968,58.794,57.968,58.171,4471032.0
2018-01-31,58.443,59.777,58.443,59.114,5749464.0
2018-02-01,58.834,59.426,58.385,58.638,4379149.0
2018-02-02,58.29,58.591,57.034,57.082,4287100.0
2018-02-05,56.412,57.11,54.556,55.411,8136529.0
2018-02-06,54.293,56.809,54.011,56.527,7162462.0
2018-02-07,56.441,57.404,56.285,56.285,4593979.0
2018-02-08,56.276,56.325,54.068,54.088,9038791.0
2018-02-09,54.982,55.215,52.513,53.962,6842847.0
2018-02-12,54.584,55.693,54.165,55.234,4549643.0
2018-02-13,54.982,55.658,54.599,55.575,4055715.0
2018-02-14,55.362,56.762,55.273,56.13,4400809.0
2018-02-15,56.597,56.839,55.876,56.567,3377071.0
2018-02-16,56.789,57.248,56.592,56.656,3948096.0
2018-02-20,56.13,56.869,56.13,56.13,3664692.0
2018-02-21,56.217,57.648,56.062,56.422,3546401.0
2018-02-22,56.789,57.063,55.613,55.732,4151885.0
2018-02-23,56.197,56.422,55.876,56.383,3404327.0
2018-02-26,57.12,58.181,57.026,57.85,5052498.0
2018-02-27,57.949,58.064,56.845,56.859,3709112.0
2018-02-28,57.034,57.199,56.227,56.237,4962724.0
2018-03-01,56.177,57.13,55.896,56.402,5554813.0
2018-03-02,55.896,56.518,55.45,56.207,3914683.0
2018-03-05,56.082,57.091,55.604,56.762,5242000.0
2018-03-06,56.967,57.131,56.44,56.753,3008343.0
2018-03-07,56.186,56.557,56.002,56.09,4086287.0
2018-03-08,56.255,57.386,56.226,56.869,6647419.0
2018-03-09,57.396,58.164,57.161,58.164,4312031.0
2018-03-12,58.34,58.378,57.872,58.224,4727146.0
2018-03-13,58.506,59.198,58.243,58.778,5373774.0
2018-03-14,58.818,59.267,57.799,58.086,4805756.0
2018-03-15,58.155,58.72,57.689,58.398,4018666.0
2018-03-16,58.72,59.797,58.652,59.334,5549139.0
2018-03-19,59.11,59.666,58.632,59.041,4570545.0
2018-03-20,59.168,59.422,58.944,59.129,2870930.0
2018-03-21,56.557,56.899,55.203,56.294,13994441.0
2018-03-22,56.032,56.771,55.515,55.533,7305311.0
2018-03-23,55.388,56.478,54.901,55.26,7061910.0
2018-03-26,56.022,56.373,55.438,56.109,5651976.0
2018-03-27,56.354,56.458,54.832,55.231,4541245.0
2018-03-28,55.251,55.457,54.433,54.803,4827239.0
2018-03-29,54.94,56.109,54.862,55.808,3168961.0
2018-04-02,55.72,55.72,52.407,52.943,5477890.0
2018-04-03,53.527,54.599,53.06,54.531,4407370.0
2018-04-04,53.645,55.038,53.439,54.911,3737964.0
2018-04-05,55.3,55.711,54.823,55.398,3787249.0
2018-04-06,54.978,55.208,53.439,53.868,5441802.0
2018-04-09,54.199,54.386,53.342,53.439,6011343.0
2018-04-10,54.072,54.15,52.22,52.738,6046088.0
2018-04-11,52.466,52.943,52.124,52.124,3694623.0
2018-04-12,52.7,54.501,52.398,53.527,5836819.0
2018-04-13,53.702,54.551,53.117,53.654,4886865.0
2018-04-16,53.878,54.316,53.156,53.478,5312287.0
2018-04-17,53.927,54.062,51.841,52.875,8272719.0
2018-04-18,53.098,55.067,52.983,54.386,6733008.0
2018-04-19,54.219,54.268,53.021,53.392,4507416.0
2018-04-20,53.439,53.789,52.943,53.362,5164457.0
2018-04-23,53.429,54.111,53.206,53.567,4583407.0
2018-04-24,53.898,53.956,52.057,52.493,3920846.0
2018-04-25,52.466,52.748,51.47,52.446,5267840.0
2018-04-26,50.847,52.407,49.689,51.929,10068674.0
2018-04-27,51.773,52.483,51.375,52.153,5020553.0
2018-04-30,52.24,52.398,51.351,51.47,8234983.0
2018-05-01,51.441,51.841,50.807,51.578,4122103.0
2018-05-02,51.618,52.028,50.847,50.867,6513866.0
2018-05-03,50.807,51.188,50.254,50.897,4445098.0
2018-05-04,50.662,51.731,50.57,51.422,4175184.0
2018-05-07,51.441,51.578,50.615,50.662,5178701.0
2018-05-08,50.827,51.706,50.61,50.985,6437992.0
2018-05-09,50.78,51.054,50.103,50.235,4333777.0
2018-05-10,49.981,50.847,49.942,50.605,6958649.0
2018-05-11,50.857,51.326,50.585,51.11,5019597.0
2018-05-14,51.159,51.385,50.732,50.857,7263042.0
2018-05-15,50.642,50.752,50.112,50.371,5379542.0
2018-05-16,50.42,51.998,50.263,51.647,5988659.0
2018-05-17,51.726,52.23,51.034,51.119,6386964.0
2018-05-18,51.014,51.657,50.78,50.847,7133842.0
2018-05-21,51.101,51.48,50.798,50.877,7427989.0
2018-05-22,51.159,51.317,49.378,49.541,9821576.0
2018-05-23,49.522,49.561,48.908,49.027,7780620.0
2018-05-24,49.113,50.195,48.918,49.892,8714021.0
2018-05-25,50.079,52.076,50.039,51.5,9537581.0
2018-05-29,51.267,51.441,49.892,50.165,7367565.0
2018-05-30,50.42,50.507,49.62,50.011,5585888.0
2018-05-31,50.02,50.468,49.61,49.766,7240336.0
2018-06-01,49.882,50.215,49.324,49.65,5631761.0
2018-06-04,49.815,50.74,49.689,50.322,5463058.0
2018-06-05,50.029,50.232,49.266,49.746,4727314.0
2018-06-06,49.207,49.678,48.797,49.598,7491702.0
2018-06-07,49.598,49.798,49.197,49.491,5731875.0
2018-06-08,49.395,49.668,49.092,49.335,5054127.0
2018-06-11,49.803,50.791,49.559,49.823,10041425.0
2018-06-12,49.891,50.01,49.432,49.813,8315469.0
2018-06-13,50.038,50.703,49.99,50.185,6398410.0
2018-06-14,50.429,50.889,50.235,50.762,5815834.0
2018-06-15,50.458,51.241,50.205,50.997,8837606.0
2018-06-18,50.653,51.319,50.215,51.181,5672129.0
2018-06-19,50.849,50.908,50.01,50.537,4767099.0
2018-06-20,50.809,50.849,50.361,50.819,7204398.0
2018-06-21,50.753,52.033,50.653,51.944,8286255.0
2018-06-22,51.661,52.326,50.703,50.733,10326044.0
2018-06-25,50.439,50.683,49.764,50.115,8018562.0
2018-06-26,50.42,50.42,49.783,50.01,4513490.0
2018-06-27,50.048,50.068,49.043,49.227,6894277.0
2018-06-28,49.569,49.823,49.053,49.549,4760957.0
2018-06-29,49.648,50.282,49.579,49.726,4326478.0
2018-07-02,49.481,50.42,49.355,50.371,5246530.0
2018-07-03,50.39,50.889,49.97,50.351,2527700.0
2018-07-05,50.596,50.869,50.39,50.683,4544043.0
2018-07-06,50.879,51.837,50.819,51.544,5931247.0
2018-07-09,51.7,52.306,51.387,52.053,4956067.0
2018-07-10,51.934,51.993,51.276,51.797,3564864.0
2018-07-11,51.349,51.459,50.458,51.339,5922721.0
2018-07-12,51.924,52.013,50.683,51.573,4197808.0
2018-07-13,51.474,52.043,51.435,51.885,3470797.0
2018-07-16,52.178,52.276,51.554,51.875,3800244.0
2018-07-17,51.71,52.5,51.71,52.013,4034092.0
2018-07-18,52.833,53.978,52.529,52.678,7426894.0
2018-07-19,52.793,52.873,52.197,52.559,4106621.0
2018-07-20,52.365,52.648,52.028,52.216,4783082.0
2018-07-23,52.053,52.485,51.582,52.346,3935461.0
2018-07-24,52.519,52.529,50.663,50.733,5916306.0
2018-07-25,50.819,51.425,50.488,51.103,5568616.0
2018-07-26,50.918,55.589,50.849,55.414,12275515.0
2018-07-27,55.306,57.103,55.228,57.055,9098222.0
2018-07-30,56.762,57.103,56.215,56.587,5619674.0
2018-07-31,56.82,57.985,56.79,56.84,5257880.0
2018-08-01,56.8,57.018,55.159,55.237,4392223.0
2018-08-02,54.935,55.473,54.349,55.404,3589245.0
2018-08-03,55.539,56.185,55.512,56.107,3915748.0
2018-08-06,55.911,56.602,55.805,56.478,3058413.0
2018-08-07,56.83,57.31,56.527,56.771,2617305.0
2018-08-08,57.437,57.985,57.281,57.484,4096804.0
2018-08-09,57.524,57.936,57.475,57.653,2827789.0
2018-08-10,57.445,57.75,56.978,57.653,3293429.0
2018-08-13,57.71,58.026,57.192,57.504,3041925.0
2018-08-14,57.603,58.483,57.593,57.75,3374643.0
2018-08-15,57.701,59.108,57.573,58.961,6650158.0
2018-08-16,59.176,59.577,57.98,58.169,5469254.0
2018-08-17,58.238,58.473,57.71,58.326,3239538.0
2018-08-20,58.591,60.643,58.532,60.232,6247699.0
2018-08-21,60.242,60.947,59.727,59.771,4236090.0
2018-08-22,59.585,59.767,59.056,59.389,2222030.0
2018-08-23,59.419,60.095,59.144,59.781,3094286.0
2018-08-24,59.272,59.839,58.723,59.762,2757556.0
2018-08-27,59.928,60.143,59.477,59.683,2762301.0
2018-08-28,59.8,60.291,59.575,60.095,4472194.0
2018-08-29,60.095,60.321,59.605,59.987,3200991.0
2018-08-30,59.82,60.172,59.321,59.595,3146853.0
2018-08-31,59.634,60.506,59.585,60.065,3360103.0
2018-09-04,60.192,61.291,59.898,60.741,5703078.0
2018-09-05,60.898,61.475,60.065,60.162,4970866.0
2018-09-06,60.162,60.506,59.437,59.8,2564172.0
2018-09-07,60.202,61.441,59.973,60.654,3915408.0
2018-09-10,60.654,61.455,60.389,61.251,3750624.0
2018-09-11,61.055,61.975,61.026,61.71,3137413.0
2018-09-12,61.681,61.73,60.016,60.133,5474614.0
2018-09-13,60.311,61.575,60.277,61.103,4050115.0
2018-09-14,60.967,61.301,60.78,61.172,2996741.0
2018-09-17,61.407,62.185,61.35,61.829,3719605.0
2018-09-18,61.73,61.957,60.858,61.779,2825854.0
2018-09-19,61.879,62.593,61.75,61.839,2813515.0
2018-09-20,62.103,62.347,61.162,61.241,4399765.0
2018-09-21,61.427,62.731,61.407,62.486,7958343.0
2018-09-24,62.064,62.113,60.404,60.81,4615113.0
2018-09-25,60.751,61.085,59.889,60.409,3943564.0
2018-09-26,60.682,61.112,60.575,60.839,2440559.0
2018-09-27,61.241,61.889,61.182,61.446,4090280.0
2018-09-28,61.191,61.74,60.669,61.191,3080055.0
2018-10-01,61.35,61.928,60.301,60.456,4344492.0
2018-10-02,60.242,60.58,59.37,59.948,4124695.0
2018-10-03,60.143,60.751,60.026,60.436,4511711.0
2018-10-04,60.428,60.722,59.987,60.34,2525811.0
2018-10-05,60.436,60.619,59.447,59.82,4080407.0
2018-10-08,59.674,59.839,58.949,59.399,3766865.0
2018-10-09,59.428,59.497,58.273,58.292,8014151.0
2018-10-10,58.164,58.184,55.734,56.174,8108745.0
2018-10-11,56.754,57.566,55.293,55.88,7287574.0
2018-10-12,56.772,57.057,55.577,56.224,4096962.0
2018-10-15,56.068,57.014,56.029,56.517,3393170.0
2018-10-16,56.637,57.951,56.353,57.753,4204676.0
2018-10-17,59.232,59.634,57.468,58.008,4760012.0
2018-10-18,57.969,57.969,56.607,56.791,3644232.0
2018-10-19,56.999,57.263,56.527,56.959,3834462.0
2018-10-22,56.969,57.352,56.009,56.704,4462982.0
2018-10-23,56.068,56.363,54.832,56.323,4340787.0
2018-10-24,56.597,56.627,53.265,53.49,6253790.0
2018-10-25,49.944,50.658,48.032,48.904,22088397.0
2018-10-26,48.894,49.168,47.357,48.58,10264694.0
2018-10-29,48.924,49.168,46.15,46.945,11432631.0
2018-10-30,46.406,48.19,46.299,48.16,9139003.0
2018-10-31,48.346,49.111,48.062,48.111,7723597.0
2018-11-01,48.306,50.013,48.306,49.924,6917938.0
2018-11-02,49.973,51.491,49.973,50.777,8631839.0
2018-11-05,50.63,50.738,50.031,50.384,6331372.0
2018-11-06,50.414,51.389,50.218,50.814,8226928.0
2018-11-07,51.052,52.235,50.903,51.815,4962486.0
2018-11-08,51.638,51.961,51.286,51.658,4729525.0
2018-11-09,51.717,52.433,51.075,51.432,4316941.0
2018-11-12,51.345,51.658,50.502,50.844,4028349.0
2018-11-13,51.052,51.997,51.042,51.668,6662887.0
2018-11-14,51.697,52.364,51.197,51.423,4435932.0
2018-11-15,50.952,52.423,50.688,52.158,5155663.0
2018-11-16,51.785,51.922,50.639,51.521,4868426.0
2018-11-19,51.687,51.777,51.027,51.335,3081334.0
2018-11-20,50.796,51.316,50.296,50.531,3442898.0
2018-11-21,50.757,52.138,50.693,51.197,3013517.0
2018-11-23,51.658,52.146,51.109,51.619,2262128.0
2018-11-26,51.981,52.404,51.414,51.697,4408469.0
2018-11-27,52.011,52.882,51.629,51.727,6344731.0
2018-11-28,51.981,52.011,51.118,52.011,3892273.0
2018-11-29,51.756,52.489,51.756,52.158,2989277.0
2018-11-30,52.355,53.554,52.225,53.51,4640447.0
2018-12-03,53.793,54.559,53.136,53.275,4125039.0
2018-12-04,52.696,53.236,51.231,51.889,5980496.0
2018-12-06,51.663,52.921,51.358,52.676,7737202.0
2018-12-07,52.312,52.47,50.258,50.474,6348246.0
2018-12-10,50.65,50.906,49.329,50.258,5094280.0
2018-12-11,50.69,50.72,49.805,50.199,3023078.0
2018-12-12,50.592,50.612,49.679,50.022,4210499.0
2018-12-13,50.003,50.119,48.508,49.471,6987206.0
2018-12-14,48.765,50.199,48.725,49.226,4068917.0
2018-12-17,48.98,49.24,47.693,48.538,5916365.0
2018-12-18,49.03,49.285,48.499,48.745,3623123.0
2018-12-19,48.518,49.117,47.515,47.939,4426933.0
2018-12-20,47.683,48.036,45.606,46.258,4842869.0
2018-12-21,46.258,46.984,44.975,45.156,8504393.0
2018-12-24,44.775,44.901,43.584,43.633,3848568.0
2018-12-26,43.978,45.953,43.517,45.914,3998448.0
2018-12-27,45.471,46.013,44.332,45.993,3338828.0
2018-12-28,46.189,46.68,45.787,45.953,3190799.0
2018-12-31,46.129,46.328,45.26,45.678,3871939.0
2019-01-02,45.255,46.385,44.685,46.328,4152978.0
2019-01-03,45.678,45.767,43.84,44.823,4482250.0
2019-01-04,45.196,47.231,45.196,47.034,4845684.0
2019-01-07,47.014,47.428,46.356,47.044,5285912.0
2019-01-08,47.664,47.752,46.395,46.719,4540986.0
2019-01-09,46.808,48.416,46.749,48.233,3550813.0
2019-01-10,46.67,48.185,46.091,48.145,5520000.0
2019-01-11,47.81,48.017,47.024,47.683,3631578.0
2019-01-14,47.349,48.44,46.878,47.919,3977420.0
2019-01-15,48.165,49.156,48.017,48.755,4486348.0
2019-01-16,49.491,49.854,48.891,48.921,4721721.0
2019-01-17,48.881,50.053,48.765,49.718,3544289.0
2019-01-18,50.031,50.69,49.727,50.68,3293239.0
2019-01-22,50.366,50.645,49.374,49.669,4226810.0
2019-01-23,50.003,50.424,49.196,50.139,4804210.0
2019-01-24,52.822,53.923,51.811,53.275,11193969.0
2019-01-25,54.051,54.728,53.117,54.032,7480936.0
2019-01-28,53.943,54.989,53.943,54.563,5162282.0
2019-01-29,54.691,55.564,54.424,55.397,5323704.0
2019-01-30,55.683,56.817,55.604,56.498,6887508.0
2019-01-31,56.498,56.646,55.432,55.781,4740745.0
2019-02-01,56.007,57.0,55.928,56.144,3673774.0
2019-02-04,56.213,57.304,56.158,57.285,4504655.0
2019-02-05,57.49,57.756,56.537,56.882,5220987.0
2019-02-06,56.557,56.724,55.663,56.617,5398771.0
2019-02-07,56.183,56.675,56.134,56.488,3185459.0
2019-02-08,55.988,56.656,55.83,56.656,3206737.0
2019-02-11,57.067,57.432,56.607,57.275,4153385.0
2019-02-12,57.275,57.726,56.517,56.704,3676409.0
2019-02-13,56.97,57.559,56.807,57.0,4038838.0
2019-02-14,56.617,57.48,56.163,57.0,5101552.0
2019-02-15,57.49,57.589,56.646,56.704,5079642.0
2019-02-19,56.362,57.157,55.683,56.675,5755607.0
2019-02-20,54.09,54.434,53.246,53.471,12081551.0
2019-02-21,53.265,53.805,53.117,53.374,5002931.0
2019-02-22,53.196,53.451,52.547,52.696,4649846.0
2019-02-25,52.981,53.265,52.676,53.029,5749841.0
2019-02-26,53.029,53.688,52.739,52.763,5908522.0
2019-02-27,52.567,53.265,52.391,52.921,5666979.0
2019-02-28,52.961,55.978,52.753,55.073,15576924.0
2019-03-01,55.309,55.604,53.117,53.401,9200116.0
2019-03-04,53.285,53.619,52.342,52.901,4605924.0
2019-03-05,53.227,53.616,52.556,52.625,5287323.0
2019-03-06,52.734,53.01,52.004,52.3,5189272.0
2019-03-07,52.074,52.419,51.216,51.679,5632860.0
2019-03-08,51.265,51.265,50.585,51.029,4715628.0
2019-03-11,49.185,50.9,49.107,50.871,6275606.0
2019-03-12,50.643,50.693,49.195,49.679,8894345.0
2019-03-13,50.161,51.039,47.885,49.885,12726039.0
2019-03-14,50.052,50.851,49.885,50.427,7811699.0
2019-03-15,50.427,50.979,50.221,50.635,7250300.0
2019-03-18,50.605,50.795,50.27,50.348,4278564.0
2019-03-19,50.437,50.979,49.752,50.014,4382422.0
2019-03-20,49.776,49.974,48.698,48.988,5870053.0
2019-03-21,48.988,50.294,48.988,50.014,5655119.0
2019-03-22,49.698,49.791,48.593,48.613,4905115.0
2019-03-25,48.554,48.83,47.835,47.993,4567190.0
2019-03-26,48.151,48.772,47.885,48.051,3876901.0
2019-03-27,47.805,49.53,47.805,49.116,8189100.0
2019-03-28,49.087,49.994,49.008,49.727,7475923.0
2019-03-29,49.855,51.354,49.727,51.166,6766565.0
2019-04-01,51.522,52.29,51.275,51.659,6404748.0
2019-04-02,52.409,52.665,51.405,51.954,4476872.0
2019-04-03,52.191,52.753,52.064,52.133,3143350.0
2019-04-04,52.486,52.536,51.462,52.419,2840140.0
2019-04-05,52.486,52.961,52.295,52.486,2568622.0
2019-04-08,51.512,51.748,50.93,51.196,7103477.0
2019-04-09,50.891,51.329,50.643,51.147,3429883.0
2019-04-10,51.818,52.004,50.979,51.866,3967637.0
2019-04-11,51.994,52.744,51.935,52.24,3334825.0
2019-04-12,52.506,52.872,51.954,52.369,2778303.0
2019-04-15,52.3,52.3,51.532,51.542,2561504.0
2019-04-16,51.512,52.206,51.236,52.024,2983760.0
2019-04-17,52.625,52.862,51.718,52.004,2608309.0
2019-04-18,51.906,52.014,51.152,51.432,3390706.0
2019-04-22,51.117,51.319,50.723,50.969,3014688.0
2019-04-23,51.039,52.163,50.821,52.034,3652456.0
2019-04-24,52.153,52.28,51.639,52.172,4133385.0
2019-04-25,52.359,54.069,51.883,52.586,7219258.0
2019-04-26,52.486,52.783,52.182,52.22,3996646.0
2019-04-29,52.23,53.296,51.984,53.059,4088235.0
2019-04-30,53.157,53.779,52.753,53.453,3917108.0
2019-05-01,53.818,53.828,53.084,53.128,2550705.0
2019-05-02,53.217,53.709,52.596,52.606,2946238.0
2019-05-03,52.753,53.157,52.521,52.852,2538427.0
2019-05-06,52.054,52.842,51.964,52.715,2341368.0
2019-05-07,52.28,52.359,50.713,51.462,4964974.0
2019-05-08,51.147,52.128,50.871,51.659,3515174.0
2019-05-09,51.157,51.768,51.058,51.708,2789052.0
2019-05-10,51.403,52.123,50.447,51.984,2601985.0
2019-05-13,51.029,51.097,50.052,50.309,3333486.0
2019-05-14,50.387,51.195,50.171,50.91,2654072.0
2019-05-15,50.279,51.688,49.984,51.265,3131490.0
2019-05-16,51.423,52.25,51.255,51.837,3222263.0
2019-05-17,51.315,52.215,51.206,51.492,2205162.0
2019-05-20,51.039,51.758,50.989,51.265,2696798.0
2019-05-21,51.798,52.67,51.649,52.606,3521800.0
2019-05-22,52.477,52.753,51.768,51.818,3238506.0
2019-05-23,51.305,51.305,49.639,50.231,5517253.0
2019-05-24,50.377,50.821,50.151,50.417,2345492.0
2019-05-28,50.004,50.201,49.269,49.314,3496672.0
2019-05-29,49.431,49.431,48.402,48.85,3757155.0
2019-05-30,48.859,49.175,48.357,48.683,2832918.0
2019-05-31,48.209,48.307,46.761,46.918,5269420.0
2019-06-03,46.918,47.658,46.715,47.106,5307230.0
2019-06-04,47.729,48.699,47.66,48.432,6279267.0
2019-06-05,49.065,49.757,48.876,49.688,4503928.0
2019-06-06,49.718,49.965,49.015,49.45,2411472.0
2019-06-07,49.629,50.42,49.549,49.836,2054129.0
2019-06-10,50.311,50.787,49.747,49.766,3048938.0
2019-06-11,50.024,50.594,49.737,50.043,2980617.0
2019-06-12,50.053,50.568,49.886,50.272,2600344.0
2019-06-13,50.568,52.191,50.529,51.826,4287235.0
2019-06-14,51.983,52.033,50.831,51.271,2562433.0
2019-06-17,51.063,51.152,50.529,50.638,2841327.0
2019-06-18,50.885,51.904,50.618,51.152,3101766.0
2019-06-19,51.449,51.549,50.35,50.964,3945539.0
2019-06-20,51.271,51.355,50.49,50.974,3925931.0
2019-06-21,50.974,51.439,50.578,50.707,4784363.0
2019-06-24,50.915,50.954,50.37,50.677,2409713.0
2019-06-25,50.578,51.063,50.415,50.46,2985622.0
2019-06-26,50.529,50.835,49.816,50.163,3888775.0
2019-06-27,50.223,50.925,49.965,50.203,3898052.0
2019-06-28,50.42,50.638,50.113,50.243,6029300.0
2019-07-01,50.657,51.281,50.505,50.994,3388077.0
2019-07-02,51.359,51.696,50.49,50.885,2940681.0
2019-07-03,51.222,51.676,51.034,51.34,2746092.0
2019-07-05,51.301,51.696,50.915,51.33,2135877.0
2019-07-08,51.054,51.736,50.865,51.529,3198610.0
2019-07-09,51.162,51.686,50.925,51.142,3155523.0
2019-07-10,51.359,51.786,51.172,51.311,3258507.0
2019-07-11,51.617,51.676,51.222,51.291,2116989.0
2019-07-12,51.449,52.25,51.271,51.953,2671439.0
2019-07-15,51.796,52.439,51.627,51.706,3225620.0
2019-07-16,51.726,53.215,51.726,52.716,3639658.0
2019-07-17,52.567,52.567,51.711,51.746,3752533.0
2019-07-18,51.617,52.171,51.35,51.884,3001293.0
2019-07-19,51.973,52.374,51.449,51.469,4331417.0
2019-07-22,51.756,52.532,51.716,52.122,3605372.0
2019-07-23,52.191,53.675,52.171,53.547,3436285.0
2019-07-24,53.427,54.358,53.28,54.14,4807503.0
2019-07-25,52.765,55.347,51.855,54.328,8777153.0
2019-07-26,54.279,54.279,52.577,52.686,5897897.0
2019-07-29,52.587,53.121,52.132,52.32,3826444.0
2019-07-30,51.993,52.24,51.597,51.993,2824324.0
2019-07-31,51.993,52.152,50.85,50.984,5038870.0
2019-08-01,50.984,51.726,49.886,50.42,4637279.0
2019-08-02,50.301,50.43,49.718,50.083,3176128.0
2019-08-05,49.47,49.47,47.888,48.442,5211732.0
2019-08-06,48.866,49.262,48.53,49.183,3269573.0
2019-08-07,48.659,49.634,48.253,49.402,3630901.0
2019-08-08,49.708,50.262,49.382,49.956,3712683.0
2019-08-09,49.698,50.223,49.531,49.916,2622075.0
2019-08-12,49.49,49.619,49.015,49.519,2061805.0
2019-08-13,48.876,50.41,48.837,49.392,3277060.0
2019-08-14,48.896,48.916,47.709,48.243,3693324.0
2019-08-15,48.392,48.52,47.581,47.699,2967075.0
2019-08-16,48.185,49.48,48.035,49.262,3029323.0
2019-08-19,49.796,50.41,49.766,50.103,3578001.0
2019-08-20,50.093,50.113,49.379,49.667,2313303.0
2019-08-21,50.053,50.531,49.995,50.233,2112594.0
2019-08-22,50.451,51.206,50.302,50.828,3496931.0
2019-08-23,50.59,51.573,49.875,50.203,4725586.0
2019-08-26,50.58,50.798,49.885,50.332,3634433.0
2019-08-27,50.61,50.759,49.835,50.133,2537016.0
2019-08-28,49.885,51.156,49.765,50.798,2633494.0
2019-08-29,51.295,52.02,51.241,51.93,3879303.0
2019-08-30,52.228,52.814,51.812,51.95,3298020.0
2019-09-03,51.524,51.87,50.55,51.017,4328575.0
2019-09-04,51.464,51.92,50.649,51.732,3189536.0
2019-09-05,52.228,52.755,52.07,52.149,3259477.0
2019-09-06,52.377,52.775,51.712,51.772,2793344.0
2019-09-09,51.772,52.918,51.454,52.705,3149812.0
2019-09-10,52.913,53.251,52.506,53.003,3218979.0
2019-09-11,53.092,54.472,52.665,54.323,5535132.0
2019-09-12,54.403,55.073,53.916,54.592,2984542.0
2019-09-13,55.584,55.955,55.256,55.396,4432118.0
2019-09-16,54.006,55.466,53.678,55.416,4760943.0
2019-09-17,54.86,55.882,54.82,55.336,4311890.0
2019-09-18,55.306,56.091,55.208,55.833,4549567.0
2019-09-19,55.694,55.813,54.671,54.691,4099699.0
2019-09-20,54.77,55.048,53.887,54.105,7132386.0
2019-09-23,53.966,54.373,53.579,54.095,3267245.0
2019-09-24,54.552,54.79,53.688,54.343,3453645.0
2019-09-25,54.373,54.949,54.135,54.433,2135669.0
2019-09-26,54.482,54.79,54.055,54.194,2577018.0
2019-09-27,54.512,54.78,53.678,53.956,3184700.0
2019-09-30,54.015,54.304,53.351,53.629,3870047.0
2019-10-01,53.907,54.512,52.913,52.993,4264236.0
2019-10-02,52.348,52.625,50.828,51.672,5571813.0
2019-10-03,51.672,52.07,50.898,51.89,4565790.0
2019-10-04,51.792,52.616,51.792,52.417,2891717.0
2019-10-07,52.625,53.073,52.407,52.665,2821232.0
2019-10-08,52.357,53.336,52.04,52.655,3780018.0
2019-10-09,52.963,53.757,52.755,53.112,3744218.0
2019-10-10,52.328,53.459,52.228,53.291,2880732.0
2019-10-11,53.877,54.224,53.499,53.539,3089643.0
2019-10-14,53.371,53.916,53.341,53.649,1968876.0
2019-10-15,53.609,54.393,53.271,53.777,3570762.0
2019-10-16,53.777,54.214,53.276,53.291,4457248.0
2019-10-17,53.668,53.827,53.311,53.479,3912863.0
2019-10-18,53.514,54.333,53.073,53.102,7727500.0
2019-10-21,53.926,53.926,52.765,52.854,6906491.0
2019-10-22,52.745,53.132,51.92,52.546,5676299.0
2019-10-23,52.556,53.033,52.288,52.864,5087671.0
2019-10-24,53.727,56.697,53.619,55.892,10619391.0
2019-10-25,55.674,56.399,55.336,56.339,4072781.0
2019-10-28,56.547,57.411,56.429,57.233,5478074.0
2019-10-29,57.203,57.491,56.742,56.805,3096720.0
2019-10-30,56.785,56.865,56.081,56.637,2296688.0
2019-10-31,56.15,56.24,55.336,55.734,2573393.0
2019-11-01,55.942,55.972,55.456,55.862,2381287.0
2019-11-04,56.131,56.587,55.972,56.577,2384861.0
2019-11-05,56.757,57.57,56.607,57.471,2918550.0
2019-11-06,57.491,57.491,56.637,57.451,2668076.0
2019-11-07,57.59,58.081,57.451,57.828,2881231.0
2019-11-08,57.789,57.938,57.48,57.769,2538551.0
2019-11-11,57.6,57.883,56.795,57.848,3195251.0
2019-11-12,57.928,57.997,57.258,57.441,1949817.0
2019-11-13,57.193,57.431,57.044,57.183,1963262.0
2019-11-14,56.835,57.312,56.677,57.223,1914961.0
2019-11-15,57.481,57.739,57.273,57.381,1659410.0
2019-11-18,57.273,57.391,56.79,57.372,2220928.0
2019-11-19,57.58,57.64,56.892,57.143,2118545.0
2019-11-20,56.925,57.078,55.862,56.429,3148024.0
2019-11-21,56.449,56.667,56.141,56.19,2141099.0
2019-11-22,56.409,56.717,56.2,56.607,1541229.0
2019-11-25,56.795,57.362,56.439,57.153,2091222.0
2019-11-26,57.372,57.481,56.717,57.183,2685449.0
2019-11-27,57.263,57.541,56.985,57.342,1638530.0
2019-11-29,57.342,57.541,57.059,57.233,1106183.0
2019-12-02,57.193,57.391,56.299,56.319,2998558.0
2019-12-03,55.803,55.942,55.227,55.535,3705497.0
2019-12-04,55.684,56.15,55.366,55.386,3403759.0
2019-12-05,55.654,55.783,55.098,55.138,2811616.0
2019-12-06,55.446,55.872,55.376,55.544,2273111.0
2019-12-09,55.416,55.544,55.018,55.078,2620429.0
2019-12-10,55.078,55.367,54.545,54.699,2795747.0
2019-12-11,54.331,54.64,53.604,53.793,4900327.0
2019-12-12,54.251,55.208,53.952,54.281,4070527.0
2019-12-13,54.132,54.64,53.922,53.942,2715818.0
2019-12-16,54.341,54.714,54.127,54.142,3307019.0
2019-12-17,54.052,54.899,53.813,53.972,3981392.0
2019-12-18,54.142,54.331,53.22,53.395,3945761.0
2019-12-19,53.305,53.992,53.305,53.873,3848594.0
2019-12-20,54.072,54.49,53.803,54.421,7850146.0
2019-12-23,54.6,55.875,54.46,55.038,7875956.0
2019-12-24,55.058,55.111,54.46,54.729,1331495.0
2019-12-26,54.729,55.128,54.391,54.69,1938228.0
2019-12-27,54.759,54.789,53.853,54.112,3361132.0
2019-12-30,54.112,54.191,53.614,53.873,2706663.0
2019-12-31,53.833,53.913,53.614,53.773,2892190.0
2020-01-02,54.172,54.66,54.077,54.63,3521914.0
2020-01-03,53.395,54.211,52.837,54.142,3549687.0
2020-01-06,53.484,54.351,53.275,53.922,4216442.0
2020-01-07,54.122,54.191,53.673,54.082,3011492.0
2020-01-08,53.474,54.45,53.434,54.162,4118864.0
2020-01-09,54.291,54.61,53.992,54.092,3865719.0
2020-01-10,54.142,54.191,53.484,53.733,4066962.0
2020-01-13,53.733,53.868,53.399,53.783,3973906.0
2020-01-14,54.371,54.963,54.132,54.281,5026656.0
2020-01-15,54.082,54.884,53.908,54.819,4113278.0
2020-01-16,55.168,55.467,54.864,55.088,2961837.0
2020-01-17,55.198,55.277,54.55,54.799,4015285.0
2020-01-21,54.421,54.859,52.976,53.335,6779483.0
2020-01-22,53.693,54.072,53.255,53.275,5324058.0
2020-01-23,52.797,55.247,51.651,55.188,6810865.0
2020-01-24,55.397,56.343,54.749,56.333,8025880.0
2020-01-27,55.018,56.443,54.939,56.034,8306953.0
2020-01-28,56.373,57.509,56.174,57.379,6266303.0
2020-01-29,57.529,57.967,56.602,56.672,6692852.0
2020-01-30,55.098,56.254,55.008,55.616,5149334.0
2020-01-31,55.407,55.706,54.421,54.769,5573719.0
2020-02-03,55.198,55.52,54.48,55.008,4086938.0
2020-02-04,55.775,56.149,55.287,55.467,3633365.0
2020-02-05,56.214,57.011,55.905,56.732,3174909.0
2020-02-06,57.16,57.788,56.856,57.499,4348709.0
2020-02-07,57.24,57.489,56.772,57.04,2713967.0
2020-02-10,56.981,57.27,56.313,57.2,2893240.0
2020-02-11,57.598,58.36,57.369,57.708,2859514.0
2020-02-12,58.047,58.43,57.778,58.256,2243141.0
2020-02-13,57.837,58.46,57.623,58.316,2411060.0
2020-02-14,58.455,58.604,57.668,57.748,2491327.0
2020-02-18,57.778,58.116,57.16,57.379,3098439.0
2020-02-19,57.459,57.519,56.841,56.891,2143356.0
2020-02-20,56.821,57.29,56.493,56.722,2936222.0
2020-02-21,56.313,56.582,55.247,56.313,2333537.0
2020-02-24,54.65,54.779,53.148,53.903,7567421.0
2020-02-25,54.201,54.291,49.36,49.47,9387699.0
2020-02-26,49.898,50.286,47.896,48.713,9325677.0
2020-02-27,46.969,49.017,45.465,46.451,10395710.0
2020-02-28,44.897,46.591,44.808,46.013,11899668.0
2020-03-02,46.461,46.999,44.17,46.77,9077997.0
2020-03-03,47.61,48.3934,45.05,45.21,7338136.0
2020-03-04,45.89,47.065,44.855,46.93,8990316.0
2020-03-05,45.06,45.7,44.18,45.25,10774799.0
2020-03-06,43.56,46.8,42.72,45.73,10708125.0
2020-03-09,42.89,45.61,42.72,43.62,9602323.0
2020-03-10,45.28,45.85,42.51,45.56,9366888.0
2020-03-11,43.99,44.38,41.63,42.49,10512425.0
2020-03-12,39.33,40.6,35.6101,36.07,16353392.0
2020-03-13,39.19,41.28,36.31,41.28,14308772.0
2020-03-16,36.5,39.45,35.85,37.52,15849917.0
2020-03-17,38.21,40.69,36.0,38.25,8133512.0
2020-03-18,35.78,36.42,29.15,35.15,14219634.0
2020-03-19,34.65,35.05,30.5,30.86,18052644.0
2020-03-20,32.06,33.95,29.65,31.94,12617851.0
2020-03-23,31.69,34.49,30.25,33.73,9616821.0
2020-03-24,38.2,39.13,36.05,37.66,12803073.0
2020-03-25,41.52,41.7262,37.31,39.4,16346736.0
2020-03-26,40.9,43.56,40.06,41.23,8990799.0
2020-03-27,39.84,40.135,36.1,36.38,8297372.0
2020-03-30,35.52,37.15,34.5,35.1,7443313.0
2020-03-31,35.27,37.47,34.95,35.61,7801069.0
2020-04-01,34.05,34.2,31.81,32.04,8545871.0
2020-04-02,32.11,32.84,30.87,31.5,7853467.0
2020-04-03,31.33,31.88,29.73,30.54,9915912.0
2020-04-06,31.79,31.96,30.0,30.7,13832958.0
2020-04-07,33.84,35.43,32.32,32.77,14036116.0
2020-04-08,33.56,34.78,32.63,34.3,8923805.0
2020-04-09,36.3,37.31,35.13,36.47,10383693.0
2020-04-13,36.72,36.72,33.75,34.26,9067547.0
2020-04-14,35.17,36.05,34.71,34.78,8860162.0
2020-04-15,35.15,35.26,32.52,32.82,20028655.0
2020-04-16,32.12,32.35,30.2,30.68,17862318.0
2020-04-17,32.5,32.95,30.9,31.19,20139897.0
2020-04-20,30.64,31.48,29.51,31.06,14553897.0
2020-04-21,30.05,31.23,29.6,30.11,12562698.0
2020-04-22,30.63,30.81,28.8,29.71,15697217.0
2020-04-23,29.81,30.775,29.59,30.14,11631589.0
2020-04-24,30.2,30.43,28.8,29.33,15157122.0
2020-04-27,29.79,29.91,28.85,29.11,14224474.0
2020-04-28,29.12,30.48,28.25,29.69,54153870.0
2020-04-29,29.49,31.795,29.43,30.97,101007794.0
2020-04-30,30.71,31.69,30.18,31.25,62444657.0
2020-05-01,30.5,30.955,28.75,29.23,36353790.0
2020-05-04,27.23,27.94,26.5,27.56,43447677.0
2020-05-05,28.07,28.13,26.175,26.42,36676877.0
2020-05-06,26.55,26.74,24.77,24.93,36971836.0
2020-05-07,24.99,26.27,24.95,25.45,24535910.0
2020-05-08,26.04,27.23,25.91,27.2,19156085.0
2020-05-11,26.62,26.86,25.78,26.09,20841484.0
2020-05-12,26.19,26.62,25.14,25.24,16904411.0
2020-05-13,25.02,25.1,23.52,24.0,22892451.0
2020-05-14,23.38,24.81,22.465,24.78,23187177.0
2020-05-15,24.37,24.87,23.75,23.87,18679786.0
2020-05-18,25.75,27.24,25.55,27.09,27200458.0
2020-05-19,28.5,28.85,26.9301,27.69,35768209.0
2020-05-20,28.47,29.33,28.1724,29.15,27248984.0
2020-05-21,29.31,30.12,29.02,29.6,22166519.0
2020-05-22,29.76,29.98,28.31,28.87,17558226.0
2020-05-26,31.71,32.935,31.44,32.52,41232499.0
2020-05-27,34.9,35.16,31.4,33.66,44902346.0
2020-05-28,33.9,34.095,32.34,32.55,24802087.0
2020-05-29,31.48,32.82,31.2,32.1,19763234.0
2020-06-01,32.3,34.4,32.16,33.62,20877766.0
2020-06-02,34.86,35.2,34.03,34.48,22875725.0
2020-06-03,35.07,36.9469,34.9,36.42,26644945.0
2020-06-04,37.79,39.76,36.6,38.27,54234476.0
2020-06-05,41.98,42.35,37.57,38.18,54289272.0
2020-06-08,40.14,40.61,38.7,40.59,31340956.0
2020-06-09,38.36,38.81,36.58,38.01,26724411.0
2020-06-10,36.01,38.2,34.76,37.14,37974179.0
2020-06-11,32.94,35.17,32.5,32.83,28556970.0
2020-06-12,36.06,36.99,34.31,35.87,26920394.0
2020-06-15,33.8,36.92,33.61,36.34,23794660.0
2020-06-16,38.51,38.63,35.52,36.57,30327519.0
2020-06-17,36.24,36.8,35.67,36.31,18721048.0
2020-06-18,35.65,36.565,35.41,35.85,13810122.0
2020-06-19,36.57,36.61,33.95,34.55,20498958.0
2020-06-22,34.03,34.82,33.6418,34.36,14395706.0
2020-06-23,34.78,34.8,33.85,34.75,15215006.0
2020-06-24,34.0,34.27,32.23,32.25,19031727.0
2020-06-25,31.19,33.06,30.94,32.97,18182607.0
2020-06-26,33.13,33.15,31.18,31.96,23961984.0
2020-06-29,33.15,35.36,32.33,35.04,25720778.0
2020-06-30,34.98,34.99,33.57,34.18,18758373.0
2020-07-01,35.29,35.5983,33.67,33.81,16126972.0
2020-07-02,34.7,34.9186,33.9607,34.12,12300634.0
2020-07-06,34.72,34.88,33.15,34.3,16454927.0
2020-07-07,33.49,33.54,32.94,33.01,10922122.0
2020-07-08,32.56,33.47,32.07,32.89,16028350.0
2020-07-09,32.47,32.73,31.3,31.57,17209471.0
2020-07-10,31.16,33.35,31.16,33.22,14939505.0
2020-07-13,33.42,33.53,32.27,32.64,15503429.0
2020-07-14,31.84,33.38,31.75,33.25,11588772.0
2020-07-15,35.03,36.095,34.27,35.75,21286070.0
2020-07-16,34.83,35.08,33.9,34.21,11389896.0
2020-07-17,34.07,34.52,33.8176,34.13,7792962.0
2020-07-20,33.97,34.295,32.73,32.98,12541752.0
2020-07-21,33.33,34.16,33.25,33.62,11942942.0
2020-07-22,33.5,33.91,33.05,33.3,10424032.0
2020-07-23,32.75,34.16,32.0626,32.79,22888544.0
2020-07-24,32.31,32.45,31.57,31.66,14976688.0
2020-07-27,31.57,31.93,31.235,31.53,9759043.0
2020-07-28,31.51,32.67,31.48,32.29,10257628.0
2020-07-29,32.58,32.63,31.48,31.79,11150809.0
2020-07-30,31.33,31.65,30.77,30.96,12316532.0
2020-07-31,30.8,31.02,30.24,30.89,11131689.0
2020-08-03,30.75,32.15,30.295,31.58,13471909.0
2020-08-04,31.7,32.27,31.38,31.4,12040130.0
2020-08-05,31.9,33.1997,31.79,32.72,15269880.0
2020-08-06,33.26,33.35,32.315,33.02,15007851.0
2020-08-07,32.84,33.3,32.69,33.28,9381196.0
2020-08-10,33.65,35.145,33.55,34.99,15957998.0
2020-08-11,36.61,37.44,35.07,35.29,21870251.0
2020-08-12,35.83,36.08,34.3611,35.25,13028989.0
2020-08-13,34.71,35.6999,34.6213,34.71,8576839.0
2020-08-14,34.3,35.13,34.2,34.9,7373448.0
2020-08-17,35.06,35.18,33.7927,33.81,8113529.0
2020-08-18,33.82,34.25,33.54,34.16,7256144.0
2020-08-19,34.91,35.78,34.145,34.27,14959371.0
2020-08-20,33.65,34.575,33.48,34.46,9149336.0
2020-08-21,34.3,35.19,34.28,34.69,11435502.0
2020-08-24,35.29,36.94,34.96,36.91,15211942.0
2020-08-25,37.43,37.5,36.34,37.06,11774024.0
2020-08-26,36.91,37.07,36.325,36.38,7938202.0
2020-08-27,37.54,38.88,37.313,37.65,14342548.0
2020-08-28,38.11,39.06,37.59,38.81,14082625.0
2020-08-31,38.75,38.81,37.58,37.58,9824277.0
2020-09-01,36.84,38.67,36.5606,37.91,10884673.0
2020-09-02,38.57,39.34,37.68,39.17,11157420.0
2020-09-03,39.28,40.655,37.85,38.74,16721372.0
2020-09-04,39.19,40.0699,38.06,39.39,15543428.0
2020-09-08,39.18,40.8,39.18,40.5,15808632.0
2020-09-09,40.09,40.44,38.81,39.22,12211514.0
2020-09-10,39.52,39.95,38.865,38.94,9024766.0
2020-09-11,39.05,39.41,38.68,38.95,8044874.0
2020-09-14,39.35,40.25,39.063,40.06,9680749.0
2020-09-15,40.26,40.98,40.1,40.61,10131161.0
2020-09-16,40.52,42.88,40.275,42.1,19858499.0
2020-09-17,41.31,41.995,40.085,40.4,15234636.0
2020-09-18,39.77,40.51,39.31,39.83,21206269.0
2020-09-21,38.05,38.47,36.75,37.52,14266936.0
2020-09-22,37.35,38.1978,37.11,38.12,10740037.0
2020-09-23,38.39,39.275,37.48,37.55,6797506.0
2020-09-24,37.03,37.42,35.82,36.86,10798767.0
2020-09-25,36.41,37.28,36.31,37.1,9297277.0
2020-09-28,38.07,39.11,37.57,38.24,9235159.0
2020-09-29,38.05,38.05,37.19,37.61,5263511.0
2020-09-30,38.33,39.08,37.4,37.5,10144877.0
2020-10-01,37.96,38.26,37.39,37.93,8186768.0
2020-10-02,36.14,39.32,36.05,38.76,11937404.0
2020-10-05,39.16,39.24,38.17,38.49,9304308.0
2020-10-06,38.97,39.335,37.535,37.58,10136038.0
2020-10-07,38.0,38.735,37.71,38.59,8679318.0
2020-10-08,39.0,39.6,38.03,38.99,9138834.0
2020-10-09,38.94,39.8,38.6,39.73,10501831.0
2020-10-12,39.49,39.89,39.05,39.19,7378491.0
2020-10-13,38.7,39.44,38.58,39.13,8839351.0
2020-10-14,39.25,39.99,39.16,39.25,6908648.0
2020-10-15,38.65,38.9,38.142,38.8,4496037.0
2020-10-16,39.03,39.885,39.01,39.68,7334812.0
2020-10-19,40.0,40.75,39.566,39.85,8592233.0
2020-10-20,40.5,40.9,40.08,40.16,7203938.0
2020-10-21,40.0,40.17,39.53,39.84,6532598.0
2020-10-22,40.13,42.55,40.08,41.93,13663910.0
2020-10-23,42.04,43.39,41.53,42.79,12518730.0
2020-10-26,42.08,42.475,40.395,41.1,9712881.0
2020-10-27,40.7,41.02,39.78,39.93,6525138.0
2020-10-28,38.87,39.38,37.48,38.14,12101011.0
2020-10-29,38.09,39.87,37.95,39.57,8383606.0
2020-10-30,39.39,40.2,38.98,39.53,11258515.0
2020-11-02,39.93,39.94,37.95,38.4,11362007.0
2020-11-03,39.23,39.4,38.665,38.85,7275288.0
2020-11-04,38.85,39.65,38.05,38.93,8999852.0
2020-11-05,39.44,41.2489,39.38,41.05,8070248.0
2020-11-06,40.74,40.93,39.77,40.01,5993329.0
2020-11-09,46.85,49.47,43.79,43.89,30140185.0
2020-11-10,43.88,45.12,43.33,44.81,16842551.0
2020-11-11,44.9,44.91,42.66,43.22,10332749.0
2020-11-12,41.78,43.28,41.4,41.92,11057496.0
2020-11-13,42.17,44.145,42.11,43.88,7857464.0
2020-11-16,46.06,46.2,44.54,45.58,14330013.0
2020-11-17,44.86,46.24,44.43,45.66,8384508.0
2020-11-18,46.82,47.28,45.6,45.6,11424706.0
2020-11-19,45.53,46.46,45.41,46.08,6628562.0
2020-11-20,46.05,46.05,45.035,45.54,6595685.0
2020-11-23,46.11,46.95,45.28,46.81,10113036.0
2020-11-24,48.9,49.23,47.6491,48.25,12108813.0
2020-11-25,48.47,48.57,47.5,48.27,7281760.0
2020-11-27,48.25,48.74,47.65,47.73,4051900.0
2020-11-30,47.65,47.7,46.04,46.34,8791523.0
2020-12-01,46.55,48.09,46.5,47.27,7547960.0
2020-12-02,46.88,47.76,46.46,47.44,6054713.0
2020-12-03,47.95,49.53,47.66,47.82,9892202.0
2020-12-04,48.37,48.79,47.07,47.59,7615787.0
2020-12-07,48.34,48.43,47.505,47.89,8065632.0
2020-12-08,47.3,47.925,47.06,47.28,9101443.0
2020-12-09,47.34,47.54,45.25,45.76,20722777.0
2020-12-10,45.09,46.995,45.02,46.8,8322932.0
2020-12-11,46.0,46.59,45.1596,45.88,7638023.0
2020-12-14,46.58,46.6,45.24,45.26,6939733.0
2020-12-15,45.68,46.49,44.9529,46.42,5975746.0
2020-12-16,46.42,46.42,45.2699,45.73,6441829.0
2020-12-17,45.8,46.4,45.45,46.39,6368733.0
2020-12-18,46.22,46.34,45.66,46.03,8398053.0
2020-12-21,44.76,46.13,44.45,45.8,7656946.0
2020-12-22,46.0,46.15,44.98,45.32,4566490.0
2020-12-23,45.47,47.1,45.47,46.75,6474189.0
2020-12-24,47.0,47.09,45.81,46.28,2973402.0
2020-12-28,46.87,47.17,46.11,46.12,5476643.0
2020-12-29,46.35,46.77,45.97,46.15,4749482.0
2020-12-30,46.21,46.93,46.125,46.41,4845590.0
2020-12-31,46.18,46.78,45.68,46.61,5305619.0
2021-01-04,46.48,46.54,44.5601,45.04,10256257.0
2021-01-05,44.9,46.117,44.84,45.64,5204379.0
2021-01-06,45.5,46.97,45.37,46.75,7492848.0
2021-01-07,46.75,47.84,46.73,47.33,6282279.0
2021-01-08,47.64,47.9365,46.71,46.98,4770550.0
2021-01-11,46.51,48.04,46.12,47.44,7914469.0
2021-01-12,47.7,48.48,47.28,48.13,5356833.0
2021-01-13,47.89,48.4337,47.48,47.99,6261899.0
2021-01-14,48.65,49.47,48.44,48.82,8090560.0
2021-01-15,48.58,48.71,46.64,46.66,7359133.0
2021-01-19,47.2,47.65,46.76,46.91,4780727.0
2021-01-20,47.1,48.445,46.8975,48.21,6972479.0
2021-01-21,47.75,47.94,47.12,47.77,5663916.0
2021-01-22,47.18,47.75,47.07,47.39,4812538.0
2021-01-25,47.28,47.34,45.17,45.62,13345653.0
2021-01-26,45.75,46.22,45.6,45.81,5667206.0
2021-01-27,45.25,45.7,43.87,44.15,10428716.0
2021-01-28,45.16,46.25,44.33,44.6,12404569.0
2021-01-29,44.25,44.945,43.7151,43.94,9854882.0
2021-02-01,44.34,45.19,44.09,44.79,5861198.0
2021-02-02,45.6,46.18,45.35,45.62,6203488.0
2021-02-03,45.6,46.87,45.495,46.55,6118734.0
2021-02-04,46.79,49.18,46.71,49.13,10621726.0
2021-02-05,49.76,50.89,49.11,50.05,10472550.0
2021-02-08,50.52,53.29,50.21,52.24,11359058.0
2021-02-09,51.53,51.75,50.5301,51.18,5409829.0
2021-02-10,51.5,52.3416,51.16,51.28,7570806.0
2021-02-11,51.02,51.48,50.34,51.42,5240263.0
2021-02-12,51.3,51.839,50.97,51.34,4660013.0
2021-02-16,51.81,52.02,50.82,51.96,7402554.0
2021-02-17,51.7,52.53,51.21,52.44,6277946.0
2021-02-18,51.93,52.2,50.97,51.95,5032833.0
2021-02-19,52.23,53.84,52.1,52.81,6334633.0
2021-02-22,54.03,55.74,53.29,54.79,11268050.0
2021-02-23,56.2,57.42,54.31,56.72,13654502.0
2021-02-24,57.6,59.64,57.38,59.29,14871713.0
2021-02-25,59.15,59.26,57.08,58.31,16988221.0
2021-02-26,57.42,58.69,57.0,58.13,9763331.0
2021-03-01,59.55,59.84,57.67,58.06,11360470.0
2021-03-02,57.7,58.4,57.22,57.81,6558155.0
2021-03-03,58.47,58.67,57.6,57.82,8552503.0
2021-03-04,57.72,57.88,54.26,56.08,12853287.0
2021-03-05,56.36,57.13,52.29,56.92,11420684.0
2021-03-08,58.01,60.7,57.55,60.55,15098074.0
2021-03-09,60.17,60.25,58.195,58.93,7309928.0
2021-03-10,58.8,59.69,57.96,58.51,6449428.0
2021-03-11,58.93,59.43,58.13,58.47,7295264.0
2021-03-12,58.41,61.16,58.3,61.03,10182764.0
2021-03-15,62.05,62.7561,60.82,62.1,11166761.0
2021-03-16,62.26,62.3,60.53,60.54,5928493.0
2021-03-17,60.1,61.9359,60.1,61.77,6268928.0
2021-03-18,61.63,62.28,60.81,60.94,8020468.0
2021-03-19,60.65,61.48,59.6301,61.05,9363816.0
2021-03-22,60.53,60.95,59.42,59.46,8093389.0
2021-03-23,59.0,60.38,57.06,57.62,9849878.0
2021-03-24,58.59,59.66,57.69,57.7,6733399.0
2021-03-25,56.61,59.96,56.42,59.91,6826298.0
2021-03-26,60.45,61.42,59.79,61.29,6463056.0
2021-03-29,61.87,62.37,60.37,60.96,7356963.0
2021-03-30,61.15,62.22,61.06,61.91,5999909.0
2021-03-31,61.63,61.99,60.95,61.06,5720986.0
2021-04-01,61.27,61.56,60.76,61.3,4975181.0
2021-04-05,62.45,64.32,62.23,62.97,7378053.0
2021-04-06,63.5,64.64,63.24,64.1,5777923.0
2021-04-07,63.9,64.1387,62.96,63.52,4320502.0
2021-04-08,63.12,63.49,62.03,63.46,5206916.0
2021-04-09,63.3,63.58,62.515,63.42,4086421.0
2021-04-12,63.29,63.335,61.96,62.66,4537947.0
2021-04-13,61.85,63.44,60.63,63.23,8635359.0
2021-04-14,64.19,64.75,62.79,63.03,6034967.0
2021-04-15,63.43,63.53,62.13,62.94,5148939.0
2021-04-16,63.23,63.41,62.051,62.39,5082940.0
2021-04-19,62.29,62.37,61.38,62.03,4854959.0
2021-04-20,61.07,61.17,59.26,59.85,6112483.0
2021-04-21,59.62,62.07,58.911,62.04,7307147.0
2021-04-22,63.0,63.7,61.01,61.07,9786228.0
2021-04-23,61.31,61.8,60.75,61.53,5026604.0
2021-04-26,62.13,62.88,61.44,61.97,4953851.0
2021-04-27,61.97,62.52,61.36,62.4,4435007.0
2021-04-28,62.09,62.5,61.585,61.77,4457299.0
2021-04-29,62.13,62.65,61.735,62.27,4105411.0
2021-04-30,61.9,63.04,61.8,62.78,4676820.0
2021-05-03,63.01,63.07,61.65,62.15,4133615.0
2021-05-04,61.72,62.03,60.1001,60.82,6293469.0
2021-05-05,60.77,61.84,60.77,60.83,5396668.0
2021-05-06,60.97,61.22,59.845,60.69,4452774.0
2021-05-07,60.68,62.15,60.45,61.66,5174668.0
2021-05-10,61.85,62.34,61.33,61.35,4178563.0
2021-05-11,60.1,60.72,58.79,59.78,6483093.0
2021-05-12,59.47,60.38,58.0829,58.21,5999435.0
2021-05-13,58.97,60.4,58.64,59.93,5564194.0
2021-05-14,60.71,62.575,60.45,62.3,8033120.0
2021-05-17,62.25,62.44,61.12,62.1,5955090.0
2021-05-18,62.39,63.68,61.83,62.07,5298313.0
2021-05-19,61.0,61.18,59.56,60.39,8732073.0
2021-05-20,60.92,60.92,59.29,59.92,7798272.0
2021-05-21,60.26,60.6,59.97,60.09,4885795.0
2021-05-24,60.46,61.05,59.81,60.68,4038063.0
2021-05-25,61.71,62.39,60.465,60.55,7029226.0
2021-05-26,60.75,61.335,60.425,61.21,4526552.0
2021-05-27,61.61,61.8,61.07,61.73,4437863.0
2021-05-28,61.63,61.77,61.08,61.46,3520304.0
2021-06-01,61.94,62.26,61.09,61.35,5313674.0
2021-06-02,61.68,61.92,60.61,60.87,5327779.0
2021-06-03,60.16,60.34,58.14,58.26,9963481.0
2021-06-04,58.64,58.8499,57.91,58.55,5000851.0
2021-06-07,58.69,58.92,57.92,58.28,4756821.0
2021-06-08,58.86,59.3,58.31,58.9,4829950.0
2021-06-09,59.0,59.17,58.2,58.42,4740071.0
2021-06-10,58.85,59.14,57.47,57.5,4570570.0
2021-06-11,57.44,58.06,57.41,57.57,5059637.0
2021-06-14,57.5,58.07,56.93,57.28,4908348.0
2021-06-15,57.46,57.85,56.77,57.12,6430720.0
2021-06-16,57.06,57.49,56.33,56.67,5947704.0
2021-06-17,56.78,57.14,55.05,55.57,8334230.0
2021-06-18,55.0,55.69,54.67,55.19,8798297.0
2021-06-21,55.3,56.47,55.29,56.3,5470107.0
2021-06-22,56.1,56.32,55.41,55.75,4694109.0
2021-06-23,55.5,55.72,54.98,55.19,6157796.0
2021-06-24,55.53,55.62,54.62,54.66,8134757.0
2021-06-25,54.69,54.87,54.23,54.55,6555801.0
2021-06-28,54.25,54.25,52.86,53.23,8319673.0
2021-06-29,52.96,53.72,52.55,52.92,8078132.0
2021-06-30,53.1,53.56,52.84,53.09,6859870.0
2021-07-01,53.6,54.385,53.34,53.86,7113778.0
2021-07-02,53.98,54.04,53.305,53.66,6750522.0
2021-07-06,53.76,54.01,52.135,52.36,7819342.0
2021-07-07,52.29,52.67,51.12,51.38,9116552.0
2021-07-08,50.5,51.9099,50.102,51.19,8425452.0
2021-07-09,52.0,52.97,51.78,52.84,6773891.0
2021-07-12,52.7,53.08,51.72,52.98,6919763.0
2021-07-13,52.5,52.63,51.5,51.57,6646847.0
2021-07-14,52.34,52.58,51.57,51.98,8445294.0
2021-07-15,51.65,52.455,51.3725,51.78,6245405.0
2021-07-16,52.13,52.25,49.7,49.91,8234869.0
2021-07-19,48.04,48.9597,47.365,48.5,15481141.0
2021-07-20,48.86,51.59,48.56,51.43,12772819.0
2021-07-21,52.09,53.52,52.08,53.13,13951641.0
2021-07-22,52.1,52.27,50.84,51.29,14707497.0
2021-07-23,51.42,52.01,50.56,50.7,8826503.0
2021-07-26,50.38,51.85,50.38,51.78,6376729.0
2021-07-27,51.52,51.7623,50.74,51.15,4807322.0
2021-07-28,51.48,52.12,50.8,51.76,6798755.0
2021-07-29,52.18,52.4,51.54,51.55,5902063.0
2021-07-30,51.04,51.76,50.38,50.52,6562190.0
2021-08-02,50.6,51.51,49.645,49.74,7399034.0
2021-08-03,49.84,50.66,49.11,50.65,6208038.0
2021-08-04,49.81,50.19,48.5,48.9,11491487.0
2021-08-05,49.1,50.76,49.05,50.45,6903967.0
2021-08-06,51.14,51.17,50.06,50.72,5065857.0
2021-08-09,50.1,50.13,48.93,49.71,5649843.0
2021-08-10,49.8,51.63,49.61,51.11,5503186.0
2021-08-11,49.86,51.97,49.7728,51.84,8714903.0
2021-08-12,51.42,51.574,50.57,50.99,5744882.0
2021-08-13,50.9,51.05,50.29,50.41,4979704.0
2021-08-16,50.0,50.45,49.47,50.11,5787972.0
2021-08-17,49.35,49.42,48.14,48.73,7226937.0
2021-08-18,48.56,49.47,48.33,48.44,6526551.0
2021-08-19,48.18,48.38,46.95,47.46,7762092.0
2021-08-20,47.3,47.9,47.29,47.36,5193190.0
2021-08-23,48.13,48.95,48.03,48.71,9345846.0
2021-08-24,49.5,51.1,49.5,50.81,8703072.0
2021-08-25,50.84,52.018,50.33,51.25,8039508.0
2021-08-26,50.93,51.3,49.83,50.27,5779400.0
2021-08-27,50.31,51.34,50.31,50.88,5940878.0
2021-08-30,51.03,51.125,49.11,49.17,6216313.0
2021-08-31,49.02,50.025,48.89,49.78,6431215.0
2021-09-01,50.0,50.11,49.42,49.55,4509236.0
2021-09-02,49.56,50.16,49.0422,49.6,4968877.0
2021-09-03,49.34,49.82,48.665,48.86,5203811.0
2021-09-07,48.36,48.74,47.985,48.53,6474379.0
2021-09-08,48.76,49.38,48.09,48.12,4901927.0
2021-09-09,47.91,50.19,47.82,49.23,7098178.0
2021-09-10,49.38,49.42,47.865,47.9,6585063.0
2021-09-13,48.53,49.065,47.49,48.73,5511941.0
2021-09-14,48.53,48.958,47.73,48.03,4827529.0
2021-09-15,48.1,48.49,47.34,48.46,4800072.0
2021-09-16,48.88,49.52,48.6,49.12,5701327.0
2021-09-17,49.39,49.834,48.57,49.08,7290681.0
2021-09-20,48.83,49.64,47.92,49.58,7771220.0
2021-09-21,49.8,50.31,48.81,49.15,7660438.0
2021-09-22,49.37,51.225,49.37,50.65,9763554.0
2021-09-23,51.23,52.79,51.05,52.32,10282368.0
2021-09-24,52.4,53.2,52.23,52.85,7030180.0
2021-09-27,53.5,54.3958,52.84,52.96,8380128.0
2021-09-28,52.91,53.62,52.57,53.05,6898914.0
2021-09-29,53.2,53.37,52.41,52.54,4848773.0
2021-09-30,52.2,52.25,50.88,51.43,6405208.0
2021-10-01,53.77,54.71,52.71,54.35,12553992.0
2021-10-04,55.72,56.33,54.795,55.06,11905866.0
2021-10-05,54.94,55.485,54.38,54.47,5505177.0
2021-10-06,53.57,54.5,52.92,54.45,6351586.0
2021-10-07,54.89,54.9783,54.01,54.04,5066156.0
2021-10-08,54.29,54.37,53.5206,53.92,3220088.0
2021-10-11,51.99,53.33,51.6,51.67,15630892.0
2021-10-12,51.73,52.46,51.3701,52.18,8399367.0
2021-10-13,51.87,51.89,50.66,51.25,8537526.0
2021-10-14,51.65,52.09,51.4,51.51,6092072.0
2021-10-15,52.24,52.49,50.3,50.36,7597958.0
2021-10-18,50.01,50.665,49.6545,49.77,6134221.0
2021-10-19,49.59,49.83,49.21,49.38,6543609.0
2021-10-20,49.06,49.97,48.86,49.47,6995832.0
2021-10-21,49.3,49.41,48.42,48.66,10788251.0
2021-10-22,48.15,48.46,47.415,47.63,7623151.0
2021-10-25,47.49,47.88,47.21,47.48,5916260.0
2021-10-26,48.0,48.15,47.315,47.59,6975027.0
2021-10-27,47.6,47.67,46.51,46.57,6391456.0
2021-10-28,46.53,47.425,46.44,47.24,6011772.0
2021-10-29,47.02,47.42,46.755,47.28,6079584.0
2021-11-01,47.34,49.13,47.06,49.13,8374965.0
2021-11-02,49.17,49.38,48.612,48.91,6211641.0
2021-11-03,48.92,49.85,48.59,49.46,5590620.0
2021-11-04,49.64,49.84,48.71,49.07,6708975.0
2021-11-05,50.98,52.55,50.92,52.23,13022686.0
2021-11-08,52.5,52.79,51.2,51.37,8151319.0
2021-11-09,51.15,51.41,50.27,50.91,8148524.0
2021-11-10,50.24,50.84,49.34,49.69,6815311.0
2021-11-11,49.72,49.98,49.07,49.08,5117532.0
2021-11-12,49.07,49.07,47.83,48.42,6455126.0
2021-11-15,49.06,49.38,48.63,49.13,4400595.0
2021-11-16,48.46,48.57,47.4993,47.6,8331067.0
2021-11-17,47.41,47.61,46.885,47.4,6664908.0
2021-11-18,47.39,47.42,46.03,46.37,7396063.0
2021-11-19,46.18,46.9895,45.375,46.83,9874612.0
2021-11-22,47.09,48.03,46.97,47.72,8302280.0
2021-11-23,48.11,48.31,46.92,46.98,6267057.0
2021-11-24,46.5,47.11,46.3,46.99,4977638.0
2021-11-26,44.8,45.48,43.81,44.96,11570931.0
2021-11-29,45.74,45.91,44.21,44.54,9893577.0
2021-11-30,43.95,44.78,43.16,44.4,12149111.0
2021-12-01,44.99,45.54,42.3901,42.55,14234776.0
2021-12-02,43.2,45.56,42.84,45.34,12908204.0
2021-12-03,45.06,45.6,43.64,44.28,8508221.0
2021-12-06,44.99,46.96,44.99,45.56,13262649.0
2021-12-07,46.23,46.75,44.85,45.21,11351704.0
2021-12-08,44.56,46.27,44.56,45.27,12788228.0
2021-12-09,44.1,44.37,43.37,43.61,15789218.0
2021-12-10,42.48,42.91,41.555,41.97,17075636.0
2021-12-13,41.47,41.7325,40.045,40.48,12916529.0
2021-12-14,40.35,41.22,40.08,40.24,9601186.0
2021-12-15,40.01,40.345,39.325,40.11,13099023.0
2021-12-16,40.74,40.75,39.4,39.53,13407994.0
2021-12-17,39.48,40.49,39.08,39.66,15213006.0
2021-12-20,39.52,39.9563,38.66,39.36,12253106.0
2021-12-21,39.72,41.41,39.64,40.87,12569915.0
2021-12-22,40.85,41.6,40.46,41.12,8615974.0
2021-12-23,41.78,41.97,41.2,41.87,6587811.0
2021-12-27,41.03,41.905,40.68,41.76,6929243.0
2021-12-28,41.61,42.78,41.42,42.29,6563717.0
2021-12-29,42.23,42.56,41.8,42.16,6724002.0
2021-12-30,41.99,43.19,41.85,42.72,7673873.0
2021-12-31,42.61,43.16,42.61,42.84,5932072.0
2022-01-03,43.17,44.26,42.51,44.0,10574553.0
2022-01-04,44.71,45.54,44.475,44.66,11206965.0
2022-01-05,44.95,45.2,43.8,43.99,9701999.0
2022-01-06,44.48,44.68,43.07,43.89,6750693.0
2022-01-07,44.19,45.68,44.11,45.35,7479120.0
2022-01-10,45.62,45.71,44.29,45.24,7710826.0
2022-01-11,45.35,46.25,45.2905,45.83,6813172.0
2022-01-12,45.54,45.9299,44.72,45.21,7830971.0
2022-01-13,45.32,46.49,45.24,45.79,8185901.0
2022-01-14,45.56,45.91,44.97,45.82,6241058.0
2022-01-18,45.5,46.2,45.16,45.43,6736871.0
2022-01-19,45.38,45.69,44.4,44.43,5475327.0
2022-01-20,44.76,45.75,44.255,44.34,7172706.0
2022-01-21,44.25,44.39,43.16,43.37,7899691.0
2022-01-24,42.38,43.95,41.88,43.87,11302448.0
2022-01-25,43.4,44.16,42.88,43.85,6803366.0
2022-01-26,44.4,45.35,43.345,43.71,10785783.0
2022-01-27,43.29,44.58,42.45,42.82,8969745.0
2022-01-28,42.79,42.96,40.63,42.93,10975855.0
2022-01-31,42.51,44.83,42.28,44.76,8200045.0
2022-02-01,45.0,45.83,44.86,45.18,6593165.0
2022-02-02,44.65,44.97,43.57,44.29,7955526.0
2022-02-03,44.12,44.43,43.33,43.44,5512246.0
2022-02-04,43.15,43.95,42.76,43.66,5073850.0
2022-02-07,44.47,45.1099,43.925,44.6,7478450.0
2022-02-08,45.0,46.155,44.75,46.07,9563768.0
2022-02-09,46.51,47.74,46.4,47.02,9549761.0
2022-02-10,46.68,47.465,46.37,46.53,7231611.0
2022-02-11,46.59,47.01,44.72,45.53,8422237.0
2022-02-14,45.67,46.37,44.91,45.38,6002326.0
2022-02-15,46.5,47.47,46.36,47.3,6873109.0
2022-02-16,46.89,47.635,46.73,47.42,5773171.0
2022-02-17,47.0,47.185,46.01,46.38,5538320.0
2022-02-18,46.25,46.93,45.8,45.98,5037795.0
2022-02-22,45.39,46.25,45.06,45.62,7196775.0
2022-02-23,46.08,46.215,43.955,44.01,7070830.0
2022-02-24,41.52,44.52,41.2,44.34,10439314.0
2022-02-25,44.82,45.65,44.605,45.14,6627733.0
2022-02-28,44.35,44.84,43.3,43.8,10361090.0
2022-03-01,43.4,43.56,41.28,41.95,11235322.0
2022-03-02,42.5,43.055,41.96,42.32,8702581.0
2022-03-03,43.2,43.3693,41.41,41.67,10376037.0
2022-03-04,40.84,41.17,40.07,40.68,8599281.0
2022-03-07,40.39,40.69,36.75,37.19,17624454.0
2022-03-08,37.83,40.76,36.85,39.16,15028099.0
2022-03-09,40.85,41.4,40.03,40.66,12104670.0
2022-03-10,40.0,41.49,39.66,41.03,9483402.0
2022-03-11,41.8,41.89,40.095,40.24,8790508.0
2022-03-14,40.59,41.11,39.205,40.1,7575990.0
2022-03-15,42.0,43.36,41.21,42.06,11080777.0
2022-03-16,42.85,43.27,41.825,43.12,12849006.0
2022-03-17,42.04,42.8,41.785,42.78,9449636.0
2022-03-18,42.64,43.49,42.24,43.24,7862307.0
2022-03-21,42.5,43.16,42.26,42.78,6251212.0
2022-03-22,43.0,43.589,42.63,43.06,5393589.0
2022-03-23,42.72,43.36,42.66,42.87,4302114.0
2022-03-24,42.97,44.0,42.61,43.92,4528797.0
2022-03-25,44.04,44.72,43.93,44.38,4418114.0
2022-03-28,44.65,44.93,43.89,44.42,4071432.0
2022-03-29,45.53,46.19,45.06,45.33,6100123.0
2022-03-30,44.96,45.69,44.77,45.57,4687196.0
2022-03-31,45.69,46.39,45.6,45.8,5033330.0
2022-04-01,45.92,46.26,45.47,45.91,6012962.0
2022-04-04,45.85,46.1,44.99,45.93,4095678.0
2022-04-05,46.01,46.23,44.61,45.21,6874454.0
2022-04-06,44.28,44.4,42.61,43.73,7428942.0
2022-04-07,43.39,43.45,41.28,42.39,10010163.0
2022-04-08,42.34,42.4279,41.18,41.24,7704022.0
2022-04-11,41.13,42.9569,41.04,42.62,5991579.0
2022-04-12,42.9,42.96,42.17,42.82,5368204.0
2022-04-13,44.44,46.07,44.12,46.05,11063256.0
2022-04-14,46.44,47.16,46.27,46.76,7226113.0
2022-04-18,46.45,46.865,46.04,46.26,4808178.0
2022-04-19,46.62,47.7,46.62,47.35,6060936.0
2022-04-20,47.57,48.065,47.16,47.33,5877478.0
2022-04-21,48.93,50.1,48.22,48.38,11926039.0
2022-04-22,48.39,48.895,46.81,46.85,6508298.0
2022-04-25,46.31,46.515,45.26,46.43,7064267.0
2022-04-26,46.06,46.35,44.75,45.02,5280426.0
2022-04-27,45.04,46.205,44.54,45.94,6407758.0
2022-04-28,47.55,47.55,46.07,46.9,8735430.0
2022-04-29,47.14,48.129,46.57,46.72,5954225.0
2022-05-02,46.4,47.06,45.26,46.53,6499825.0
2022-05-03,46.92,47.48,46.04,47.25,5384148.0
2022-05-04,46.9,48.18,46.35,48.07,4917754.0
2022-05-05,47.26,48.0,46.5629,47.0,4652274.0
2022-05-06,46.8,46.8,45.37,46.12,4112486.0
2022-05-09,45.44,45.7336,43.45,43.83,6505508.0
2022-05-10,44.35,45.42,43.68,44.59,6243696.0
2022-05-11,44.42,45.52,42.92,43.01,5743371.0
2022-05-12,42.41,43.49,41.4302,42.33,6552864.0
2022-05-13,43.03,43.32,42.55,42.99,5144492.0
2022-05-16,42.7,43.7,42.6,43.18,4578202.0
2022-05-17,44.46,45.16,44.05,45.11,4051142.0
2022-05-18,44.52,45.3499,44.02,44.23,4581235.0
2022-05-19,43.66,44.49,43.38,43.57,4295174.0
2022-05-20,44.3,44.4,41.65,42.65,4517807.0
2022-05-23,43.2,43.71,42.56,43.38,3287546.0
2022-05-24,42.61,42.79,41.5542,41.73,3898697.0
2022-05-25,41.72,42.55,41.37,42.45,3903655.0
2022-05-26,43.42,45.44,43.18,45.0,5327410.0
2022-05-27,45.36,46.12,45.26,45.8,3279877.0
2022-05-31,44.91,46.28,44.75,45.86,5234004.0
2022-06-01,46.4,46.46,43.98,44.15,4725037.0
2022-06-02,44.13,44.59,43.6,44.57,4494364.0
2022-06-03,43.87,44.15,43.06,43.84,3647632.0
2022-06-06,44.54,44.84,43.85,44.42,3354688.0
2022-06-07,43.9,44.91,43.69,44.88,2707491.0
2022-06-08,43.95,44.64,43.215,43.37,4160198.0
2022-06-09,43.2,43.34,42.015,42.04,4667411.0
2022-06-10,41.42,42.09,39.93,40.14,8413967.0
2022-06-13,39.0,39.26,37.415,37.62,7051527.0
2022-06-14,37.95,38.22,36.455,37.22,8193862.0
2022-06-15,37.67,38.13,36.71,37.23,7937586.0
2022-06-16,36.13,36.3,34.71,34.98,8811596.0
2022-06-17,35.13,35.87,34.36,35.63,8812302.0
2022-06-21,36.04,36.3397,35.19,35.32,8449766.0
2022-06-22,35.32,35.975,34.86,35.69,6706341.0
2022-06-23,36.02,36.26,34.9,35.94,6503336.0
2022-06-24,36.02,37.84,35.92,37.73,6657691.0
2022-06-27,37.825,37.86,36.8,36.99,4198207.0
2022-06-28,37.45,38.395,36.545,36.65,5950865.0
2022-06-29,36.37,36.51,35.82,36.18,4330225.0
2022-06-30,35.29,36.32,34.88,36.12,6157043.0
2022-07-01,36.09,36.93,35.85,36.73,4375595.0
2022-07-05,35.72,36.55,35.06,36.51,6517581.0
2022-07-06,36.17,36.91,35.8,36.31,5000404.0
2022-07-07,36.71,37.095,36.34,36.72,4127180.0
2022-07-08,36.71,37.08,36.27,36.7,3820010.0
2022-07-11,36.42,37.035,36.22,36.83,5361388.0
2022-07-12,37.4,39.075,37.31,38.54,8130837.0
2022-07-13,37.28,38.8699,37.03,38.8,10121905.0
2022-07-14,38.31,39.29,38.1,38.46,5987823.0
2022-07-15,39.05,39.72,38.37,39.58,5121539.0
2022-07-18,40.15,40.915,39.7528,39.95,5433828.0
2022-07-19,40.52,41.64,40.52,41.49,5068915.0
2022-07-20,41.44,41.76,40.83,41.5,5161971.0
2022-07-21,40.59,40.92,40.1,40.89,7632670.0
2022-07-22,41.16,41.26,40.22,40.24,5456943.0
2022-07-25,40.27,40.67,39.66,40.62,4511031.0
2022-07-26,40.2,40.365,39.49,39.6,5086969.0
2022-07-27,40.75,41.0699,40.015,40.77,5872450.0
2022-07-28,38.38,38.7699,36.96,38.15,16592790.0
2022-07-29,37.73,38.42,37.61,38.12,7902117.0
2022-08-01,38.0,38.485,37.34,38.31,5595481.0
2022-08-02,37.95,38.41,37.56,37.62,5486710.0
2022-08-03,37.76,39.181,37.68,39.0,6452524.0
2022-08-04,39.18,39.48,38.68,38.79,4964960.0
2022-08-05,38.37,39.0,38.33,38.81,4604411.0
2022-08-08,38.93,39.655,38.93,39.08,5418606.0
2022-08-09,38.75,39.13,38.03,38.34,3031987.0
2022-08-10,39.15,39.66,38.98,39.28,3363221.0
2022-08-11,39.85,40.05,38.875,38.97,5047907.0
2022-08-12,39.5,39.57,38.92,39.46,3207289.0
2022-08-15,39.32,40.39,39.225,39.64,4722597.0
2022-08-16,39.6,40.2,39.345,39.87,4716876.0
2022-08-17,39.27,39.66,38.36,38.94,5492615.0
2022-08-18,38.97,39.05,38.42,38.98,2981318.0
2022-08-19,38.48,38.61,37.625,37.88,4382676.0
2022-08-22,37.25,37.49,36.93,37.47,5254302.0
2022-08-23,37.6,37.96,37.355,37.47,4717045.0
2022-08-24,37.6,38.075,37.43,37.8,6097280.0
2022-08-25,38.08,38.86,37.96,38.55,3446449.0
2022-08-26,38.53,38.74,37.415,37.53,3998292.0
2022-08-29,37.0,37.7,36.95,37.43,4071974.0
2022-08-30,37.7,37.87,36.99,37.2,4248764.0
2022-08-31,37.45,37.68,36.68,36.7,4097868.0
2022-09-01,36.32,36.64,35.835,36.63,3932312.0
2022-09-02,37.09,37.505,36.51,36.74,3791268.0
2022-09-06,37.09,37.35,36.3,36.74,4470675.0
2022-09-07,36.77,37.87,36.77,37.79,5394674.0
2022-09-08,37.3,37.78,36.965,37.66,5087722.0
2022-09-09,37.84,38.46,37.77,38.37,5733387.0
2022-09-12,38.73,39.14,38.59,38.77,6078021.0
2022-09-13,37.88,38.1245,37.26,37.49,4348470.0
2022-09-14,37.31,38.07,36.66,38.03,4203946.0
2022-09-15,37.77,37.82,36.88,36.9,9367095.0
2022-09-16,36.41,36.42,34.66,34.73,12677786.0
2022-09-19,34.67,36.055,34.611,35.88,7935299.0
2022-09-20,35.57,35.62,34.72,35.09,4953858.0
2022-09-21,34.55,35.27,34.12,34.12,6164926.0
2022-09-22,34.0,34.07,32.755,33.0,6564511.0
2022-09-23,32.4,32.6,31.57,32.05,7767476.0
2022-09-26,31.78,32.33,31.3,31.37,6957684.0
2022-09-27,31.86,32.06,31.205,31.5,6169648.0
2022-09-28,31.51,32.55,31.45,32.43,6910279.0
2022-09-29,31.93,32.075,31.4,31.64,5638414.0
2022-09-30,31.35,31.61,30.79,30.84,6907584.0
2022-10-03,30.84,31.374,30.2,31.22,5734622.0
2022-10-04,32.05,33.32,32.05,33.19,7459739.0
2022-10-05,32.49,33.285,32.31,32.99,4884263.0
2022-10-06,32.92,33.22,32.4,32.54,4264327.0
2022-10-07,32.26,32.42,31.415,31.87,4428776.0
2022-10-10,31.85,32.29,31.63,31.66,4906588.0
2022-10-11,32.41,32.68,30.92,31.41,5624597.0
2022-10-12,31.16,31.78,31.01,31.59,4365498.0
2022-10-13,31.09,32.8,30.65,32.43,6616017.0
2022-10-14,32.96,33.31,32.29,32.76,5843609.0
2022-10-17,33.59,33.62,32.39,32.72,4665658.0
2022-10-18,33.38,33.62,32.975,33.31,4766249.0
2022-10-19,33.98,34.2299,32.76,33.12,8804090.0
2022-10-20,33.44,33.69,32.79,32.81,4843630.0
2022-10-21,32.65,33.4155,32.38,33.1,5450616.0
2022-10-24,33.28,33.82,32.965,33.72,5841141.0
2022-10-25,33.52,34.79,33.37,34.62,7783913.0
2022-10-26,34.6,35.3313,34.31,34.37,9232668.0
2022-10-27,35.32,36.09,34.95,35.29,10819509.0
2022-10-28,35.58,36.33,34.97,36.23,7855137.0
2022-10-31,36.2,36.56,35.71,36.35,6316674.0
2022-11-01,36.84,37.09,36.55,36.94,5401682.0
2022-11-02,36.7,37.59,36.49,36.5,7322344.0
2022-11-03,35.96,37.25,35.48,36.96,5130694.0
2022-11-04,37.71,38.0,36.8075,37.08,4658298.0
2022-11-07,37.31,37.7,36.79,37.4,5061152.0
2022-11-08,37.41,37.625,37.03,37.44,4413367.0
2022-11-09,37.09,37.755,36.92,37.2,3366197.0
2022-11-10,38.4,39.195,37.83,38.82,5576669.0
2022-11-11,39.08,39.26,38.31,38.36,8221934.0
2022-11-14,38.08,38.31,37.735,37.75,8198863.0
2022-11-15,38.28,38.97,38.07,38.64,7344381.0
2022-11-16,38.36,38.3996,37.78,37.99,4646448.0
2022-11-17,37.4,37.71,37.3,37.63,3734101.0
2022-11-18,38.27,38.66,37.7122,38.11,3167035.0
2022-11-21,38.06,38.43,37.67,37.75,3017494.0
2022-11-22,37.82,38.235,37.39,38.17,3034858.0
2022-11-23,38.27,38.935,38.135,38.63,4029331.0
2022-11-25,38.6,39.575,38.565,39.22,2326013.0
2022-11-28,38.96,39.14,38.465,38.57,4533839.0
2022-11-29,38.63,39.38,38.63,39.25,4628793.0
2022-11-30,39.28,39.935,38.815,39.91,4794101.0
2022-12-01,40.0,40.2,39.71,40.08,5185195.0
2022-12-02,39.64,39.91,39.41,39.75,5312603.0
2022-12-05,39.52,40.38,39.145,39.5,5466068.0
2022-12-06,39.7,39.85,39.34,39.68,4239779.0
2022-12-07,39.36,39.36,37.39,37.81,8706773.0
2022-12-08,38.16,38.63,37.3225,37.49,6637252.0
2022-12-09,37.26,38.09,37.15,38.01,5678230.0
2022-12-12,37.92,38.99,37.765,38.94,4820171.0
2022-12-13,39.8,39.9,37.19,37.77,6578651.0
2022-12-14,38.1,38.46,37.67,38.14,5602099.0
2022-12-15,37.78,37.99,36.985,37.29,5812682.0
2022-12-16,37.02,37.6,36.75,37.28,8886228.0
2022-12-19,37.38,37.59,36.34,36.35,4014816.0
2022-12-20,36.23,36.75,36.13,36.39,3337695.0
2022-12-21,36.66,37.045,36.55,36.6,3683270.0
2022-12-22,36.57,36.64,35.085,35.46,5571051.0
2022-12-23,35.36,36.1,35.18,36.09,3337827.0
2022-12-27,34.61,34.8799,33.65,33.94,15174107.0
2022-12-28,33.46,33.59,32.19,32.19,17673531.0
2022-12-29,32.35,33.57,32.21,33.38,11811601.0
2022-12-30,33.15,33.87,33.11,33.67,8942300.0
2023-01-03,33.82,34.07,32.105,32.6,11467617.0
2023-01-04,32.75,34.035,32.7,33.62,8497301.0
2023-01-05,33.25,33.835,33.25,33.53,5207998.0
2023-01-06,33.0,35.13,32.83,35.08,10662826.0
2023-01-09,35.11,35.93,34.92,35.61,7866318.0
2023-01-10,35.49,36.24,35.205,36.21,5432878.0
2023-01-11,35.61,36.42,35.45,35.97,8963675.0
2023-01-12,36.5,37.02,36.11,36.97,8037264.0
2023-01-13,36.03,37.02,35.9,36.99,5585825.0
2023-01-17,36.99,37.1,36.442,37.04,6790988.0
2023-01-18,37.63,37.71,35.8,36.3,9224257.0
2023-01-19,36.0,36.68,35.725,36.45,5490156.0
2023-01-20,36.82,37.11,36.45,37.06,5247658.0
2023-01-23,37.14,37.2,36.53,36.69,6098559.0
2023-01-24,38.53,38.53,36.42,36.68,3900312.0
2023-01-25,36.42,36.9,36.2617,36.87,6402617.0
2023-01-26,36.0,36.35,34.82,35.7,16712044.0
2023-01-27,35.48,36.395,35.45,36.24,8196549.0
2023-01-30,36.0,36.885,35.44,35.47,6983030.0
2023-01-31,35.59,36.07,35.495,35.77,5602209.0
2023-02-01,35.5,36.13,35.15,35.63,9279059.0
2023-02-02,35.7,37.31,35.5265,36.82,9675851.0
2023-02-03,36.39,36.78,36.29,36.35,4831073.0
2023-02-06,36.0,36.355,35.84,36.02,4388662.0
2023-02-07,35.9,36.395,35.57,36.19,5404912.0
2023-02-08,35.93,36.09,35.29,35.3,5488951.0
2023-02-09,35.49,35.84,34.83,34.85,5911447.0
2023-02-10,34.5,34.74,34.13,34.57,4808682.0
2023-02-13,34.57,35.2,34.48,35.07,3686016.0
2023-02-14,35.08,35.655,34.77,35.51,5334904.0
2023-02-15,35.15,35.85,35.05,35.72,5126348.0
2023-02-16,35.4,35.49,34.88,35.41,5566928.0
2023-02-17,35.33,35.48,34.99,35.36,4250781.0
2023-02-21,34.83,34.965,33.6,33.76,6613341.0
2023-02-22,33.68,34.0,33.35,33.6,5611155.0
2023-02-23,33.78,33.92,33.38,33.64,6215050.0
2023-02-24,33.15,33.61,33.03,33.57,5343016.0
2023-02-27,34.0,34.12,33.495,33.54,4815313.0
2023-02-28,33.58,33.965,33.34,33.58,5244357.0
2023-03-01,33.55,33.8407,33.44,33.65,3639475.0
2023-03-02,33.4,33.93,33.325,33.92,3937818.0
2023-03-03,34.2,34.46,33.9018,34.18,3871900.0
2023-03-06,34.28,34.48,33.605,33.76,5682233.0
2023-03-07,33.65,34.0999,33.3,33.37,7739335.0
2023-03-08,33.45,33.92,33.39,33.9,5850398.0
2023-03-09,33.89,34.38,32.805,33.08,8594117.0
2023-03-10,32.85,33.03,32.015,32.77,13423391.0
2023-03-13,32.15,32.32,30.98,31.06,12035953.0
2023-03-14,31.59,31.895,30.12,30.53,15128582.0
2023-03-15,29.925,30.3,29.41,29.73,12768795.0
2023-03-16,29.57,30.59,29.425,30.48,9483408.0
2023-03-17,30.22,30.4,29.73,30.03,7742692.0
2023-03-20,30.0,30.38,29.85,30.08,5734121.0
2023-03-21,30.54,31.165,30.37,31.04,6676803.0
2023-03-22,31.14,31.34,30.065,30.08,5687079.0
2023-03-23,30.34,30.5,29.3,29.62,4993295.0
2023-03-24,29.29,29.69,28.95,29.63,6314770.0
2023-03-27,30.11,30.37,29.81,30.15,5115911.0
2023-03-28,30.15,30.705,30.14,30.63,4056310.0
2023-03-29,31.0,31.45,30.87,31.44,4730910.0
2023-03-30,31.8,32.165,31.7399,31.82,5097091.0
2023-03-31,32.165,32.57,32.0712,32.54,5193365.0
2023-04-03,32.07,32.33,31.64,31.69,6081292.0
2023-04-04,31.96,32.03,31.635,31.725,686200.0
